shot_id_number,is_goal
1,0.46
8,0.46
17,0.48
20,0.88
22,0.45
33,0.46
34,0.47
35,0.57
36,0.38
37,0.81
38,0.43
45,0.38
50,0.4
55,0.29
60,0.22
62,0.26
66,0.3
67,0.34
71,0.5
72,0.47
76,0.44
80,0.24
85,0.3
86,0.34
87,0.51
92,0.58
95,0.56
97,0.5
104,0.4
113,0.44
122,0.51
123,0.37
126,0.48
133,0.55
134,0.33
141,0.51
144,0.43
150,0.36
152,0.39
153,0.49
156,0.51
159,0.64
165,0.55
172,0.56
182,0.64
192,0.58
193,0.58
196,0.51
202,0.35
205,0.2
210,0.41
211,0.56
228,0.35
250,0.64
257,0.43
260,0.64
262,0.35
264,0.42
267,0.55
279,0.47
282,0.61
293,0.5
299,0.53
300,0.27
301,0.37
317,0.63
327,0.24
328,0.35
335,0.97
346,0.33
348,0.46
360,0.26
365,0.4
379,0.3
382,0.41
390,0.79
391,0.3
392,0.5
397,0.55
417,0.31
418,0.52
420,0.33
428,0.4
429,0.27
434,0.59
439,0.79
440,0.48
451,0.63
456,0.54
459,0.42
472,0.56
480,0.32
491,0.31
497,0.58
509,0.47
511,0.59
523,0.35
533,0.55
544,0.4
546,0.39
552,0.43
555,0.86
558,0.42
560,0.29
568,0.37
571,0.76
573,0.34
576,0.79
578,0.84
591,0.54
596,0.51
597,0.55
601,0.65
605,0.34
617,0.24
625,0.47
628,0.3
634,0.47
646,0.47
649,0.67
651,0.83
654,0.53
656,0.58
657,0.49
661,0.48
669,0.51
670,0.8
680,0.48
693,0.49
694,0.58
699,0.58
711,0.53
715,0.38
718,0.54
722,0.44
723,0.3
725,0.67
734,0.32
735,0.63
737,0.43
746,0.33
747,0.53
764,0.33
766,0.26
767,0.52
771,0.32
773,0.46
774,0.41
783,0.52
784,0.45
789,0.39
792,0.6
804,0.39
809,0.38
812,0.28
813,0.38
817,0.65
818,0.69
820,0.29
825,0.54
826,0.53
829,0.35
833,0.61
855,0.39
859,0.84
862,0.37
870,0.15
876,0.38
880,0.31
886,0.53
889,0.6
891,0.7
897,0.65
902,0.49
903,0.55
908,0.39
909,0.38
920,0.3
922,0.5
924,0.64
932,0.35
934,0.34
937,0.4
938,0.56
941,0.41
943,0.45
947,0.32
950,0.62
952,0.35
954,0.91
962,0.53
963,0.41
975,0.31
979,0.41
981,0.56
983,0.12
985,0.87
989,0.77
995,0.4
998,0.73
1008,0.33
1019,0.59
1023,0.47
1026,0.22
1029,0.41
1034,0.26
1036,0.32
1038,0.26
1039,0.22
1044,0.47
1049,0.5
1051,0.64
1052,0.33
1062,0.42
1064,0.52
1066,0.35
1087,0.47
1092,0.27
1094,0.43
1098,0.39
1099,0.6
1102,0.3
1103,0.38
1118,0.56
1131,0.29
1133,0.66
1135,0.85
1138,0.77
1139,0.83
1141,0.73
1142,0.46
1151,0.29
1152,0.28
1155,0.25
1157,0.4
1165,0.36
1167,0.36
1172,0.46
1174,0.22
1178,0.57
1180,0.84
1200,0.55
1202,0.44
1209,0.36
1227,0.62
1228,0.85
1229,0.26
1237,0.7
1241,0.52
1248,0.49
1256,0.29
1277,0.55
1279,0.45
1288,0.61
1290,0.3
1293,0.16
1295,0.28
1308,0.27
1315,0.79
1319,0.86
1320,0.32
1321,0.49
1322,0.44
1331,0.41
1334,0.24
1343,0.3
1348,0.46
1349,0.49
1351,0.7
1373,0.78
1375,0.47
1380,0.34
1382,0.35
1385,0.77
1387,0.25
1394,0.57
1399,0.41
1403,0.58
1409,0.49
1413,0.33
1425,0.64
1428,0.22
1434,0.39
1444,0.73
1448,0.2
1461,0.38
1466,0.37
1476,0.37
1478,0.52
1485,0.44
1491,0.73
1494,0.25
1495,0.75
1500,0.58
1501,0.64
1503,0.3
1507,0.5
1511,0.54
1519,0.65
1524,0.41
1528,0.7
1529,0.35
1533,0.72
1538,0.58
1539,0.45
1545,0.73
1546,0.77
1550,0.35
1555,0.29
1556,0.39
1558,0.46
1559,0.47
1561,0.44
1563,0.46
1565,0.62
1574,0.32
1581,0.87
1583,0.43
1591,0.51
1594,0.47
1605,0.25
1611,0.31
1614,0.62
1617,0.57
1620,0.65
1626,0.44
1628,0.62
1630,0.46
1632,0.35
1634,0.5
1643,0.35
1651,0.32
1654,0.66
1655,0.4
1658,0.31
1659,0.79
1665,0.22
1675,0.53
1680,0.71
1690,0.21
1696,0.25
1714,0.29
1718,0.89
1721,0.32
1726,0.45
1728,0.11
1734,0.21
1735,0.3
1740,0.5
1744,0.36
1747,0.49
1752,0.47
1763,0.77
1764,0.35
1765,0.83
1769,0.33
1770,0.89
1785,0.5
1787,0.52
1788,0.73
1793,0.56
1794,0.35
1800,0.54
1812,0.56
1825,0.3
1826,0.9
1834,0.17
1843,0.41
1844,0.21
1848,0.46
1849,0.61
1860,0.48
1863,0.86
1875,0.43
1883,0.38
1890,0.44
1892,0.38
1893,0.57
1897,0.65
1905,0.44
1908,0.31
1931,0.37
1940,0.91
1943,0.34
1947,0.17
1965,0.53
1967,0.37
1968,0.58
1972,0.94
1982,0.28
1985,0.52
2005,0.4
2010,0.53
2021,0.62
2024,0.4
2027,0.4
2028,0.5
2035,0.41
2036,0.38
2043,0.4
2047,0.34
2049,0.52
2055,0.35
2065,0.67
2066,0.38
2070,0.41
2077,0.21
2081,0.43
2085,0.49
2089,0.34
2095,0.42
2097,0.79
2100,0.34
2108,0.72
2112,0.33
2113,0.52
2120,0.53
2121,0.41
2122,0.37
2139,0.71
2141,0.4
2144,0.47
2146,0.36
2148,0.24
2149,0.75
2157,0.26
2158,0.56
2159,0.44
2168,0.54
2176,0.59
2178,0.41
2181,0.38
2184,0.5
2187,0.43
2188,0.44
2190,0.52
2193,0.69
2194,0.94
2197,0.4
2202,0.58
2204,0.52
2211,0.38
2214,0.39
2215,0.4
2217,0.3
2222,0.42
2223,0.36
2226,0.4
2230,0.49
2233,0.63
2240,0.57
2246,0.25
2247,0.3
2250,0.51
2254,0.4
2257,0.63
2259,0.54
2262,0.65
2263,0.23
2266,0.17
2305,0.26
2310,0.34
2313,0.64
2319,0.35
2320,0.44
2341,0.51
2345,0.35
2350,0.8
2356,0.53
2360,0.48
2370,0.25
2374,0.75
2384,0.43
2386,0.43
2397,0.51
2398,0.41
2411,0.44
2414,0.51
2435,0.38
2439,0.36
2446,0.78
2458,0.31
2465,0.33
2466,0.41
2470,0.29
2490,0.4
2495,0.66
2501,0.39
2507,0.41
2533,0.04
2537,0.44
2538,0.34
2541,0.55
2542,0.55
2544,0.41
2554,0.49
2555,0.43
2565,0.61
2572,0.17
2573,0.32
2575,0.33
2586,0.57
2588,0.48
2594,0.8
2617,0.56
2618,0.49
2620,0.41
2623,0.62
2631,0.66
2640,0.3
2642,0.62
2647,0.52
2663,0.55
2664,0.33
2676,0.48
2680,0.47
2681,0.18
2690,0.36
2691,0.46
2693,0.34
2695,0.45
2704,0.22
2708,0.22
2709,0.44
2717,0.39
2718,0.46
2722,0.32
2728,0.48
2732,0.57
2743,0.39
2745,0.87
2752,0.5
2756,0.39
2757,0.6
2761,0.66
2769,0.49
2771,0.68
2773,0.38
2774,0.41
2776,0.23
2781,0.19
2793,0.18
2799,0.28
2800,0.45
2803,0.44
2811,0.67
2818,0.23
2824,0.66
2828,0.52
2829,0.41
2830,0.36
2842,0.77
2847,0.75
2848,0.32
2868,0.37
2870,0.42
2885,0.6
2886,0.44
2889,0.46
2902,0.34
2903,0.44
2904,0.71
2918,0.27
2919,0.31
2922,0.26
2923,0.37
2931,0.4
2945,0.43
2946,0.49
2955,0.66
2957,0.5
2960,0.38
2963,0.59
2966,0.72
2972,0.2
2973,0.45
2974,0.29
2981,0.47
2982,0.33
2984,0.27
2998,0.4
3016,0.41
3021,0.25
3023,0.61
3025,0.38
3026,0.69
3029,0.58
3034,0.58
3037,0.38
3038,0.27
3040,0.45
3051,0.56
3062,0.39
3069,0.4
3071,0.38
3076,0.53
3079,0.49
3081,0.61
3082,0.44
3084,0.36
3091,0.34
3095,0.48
3098,0.42
3104,0.26
3105,0.5
3108,0.58
3114,0.63
3118,0.46
3122,0.52
3123,0.49
3132,0.16
3138,0.46
3141,0.31
3156,0.6
3162,0.76
3167,0.32
3170,0.35
3171,0.53
3172,0.6
3176,0.46
3180,0.66
3189,0.35
3193,0.41
3198,0.22
3203,0.55
3205,0.37
3206,0.56
3215,0.42
3217,0.32
3222,0.73
3228,0.45
3229,0.28
3232,0.36
3233,0.34
3235,0.33
3238,0.5
3256,0.54
3264,0.45
3265,0.45
3273,0.62
3275,0.26
3285,0.65
3289,0.32
3294,0.42
3306,0.42
3311,0.76
3315,0.12
3318,0.51
3322,0.21
3324,0.46
3327,0.28
3334,0.42
3341,0.54
3345,0.37
3346,0.58
3352,0.36
3368,0.22
3369,0.23
3371,0.07
3372,0.26
3375,0.27
3384,0.39
3386,0.58
3387,0.52
3393,0.39
3406,0.45
3411,0.36
3412,0.3
3414,0.29
3417,0.47
3420,0.55
3423,0.58
3436,0.52
3437,0.48
3438,0.63
3442,0.21
3443,0.31
3446,0.37
3451,0.4
3461,0.62
3473,0.42
3477,0.42
3489,0.22
3491,0.3
3510,0.5
3515,0.48
3527,0.53
3530,0.69
3533,0.66
3540,0.37
3545,0.61
3553,0.29
3569,0.74
3582,0.49
3604,0.8
3605,0.31
3609,0.47
3616,0.24
3624,0.15
3628,0.55
3630,0.58
3641,0.32
3642,0.43
3648,0.27
3650,0.77
3651,0.36
3652,0.73
3660,0.46
3664,0.56
3670,0.29
3672,0.38
3680,0.59
3682,0.77
3685,0.36
3686,0.66
3689,0.32
3691,0.38
3696,0.87
3698,0.28
3705,0.36
3712,0.29
3713,0.41
3719,0.38
3721,0.23
3723,0.22
3724,0.39
3725,0.51
3727,0.34
3733,0.24
3734,0.48
3736,0.41
3742,0.57
3761,0.54
3765,0.48
3770,0.3
3774,0.4
3777,0.27
3778,0.37
3780,0.68
3781,0.43
3783,0.57
3784,0.48
3788,0.35
3790,0.38
3794,0.37
3795,0.43
3796,0.68
3801,0.24
3802,0.38
3806,0.42
3808,0.5
3813,0.64
3814,0.51
3818,0.74
3824,0.45
3836,0.47
3853,0.39
3855,0.38
3858,0.76
3861,0.62
3866,0.33
3869,0.47
3870,0.41
3874,0.49
3876,0.43
3878,0.29
3884,0.65
3890,0.49
3900,0.73
3904,0.34
3906,0.36
3907,0.5
3908,0.45
3912,0.45
3913,0.76
3914,0.39
3918,0.71
3923,0.7
3924,0.52
3925,0.72
3927,0.23
3955,0.66
3964,0.37
3966,0.35
3969,0.57
3974,0.52
3976,0.4
3984,0.34
3991,0.48
3993,0.4
4009,0.42
4011,0.59
4016,0.48
4020,0.55
4024,0.3
4033,0.28
4035,0.27
4041,0.48
4045,0.76
4052,0.62
4055,0.39
4056,0.35
4057,0.49
4067,0.71
4069,0.7
4077,0.58
4079,0.65
4094,0.43
4095,0.47
4096,0.62
4100,0.53
4119,0.39
4129,0.22
4130,0.39
4131,0.35
4132,0.47
4134,0.34
4135,0.41
4136,0.49
4137,0.52
4138,0.4
4143,0.39
4145,0.66
4148,0.37
4156,0.63
4163,0.21
4166,0.4
4169,0.69
4170,0.56
4174,0.59
4180,0.23
4190,0.51
4195,0.47
4199,0.41
4201,0.44
4203,0.64
4210,0.42
4211,0.39
4213,0.75
4225,0.48
4235,0.33
4236,0.4
4242,0.47
4244,0.41
4245,0.48
4250,0.52
4252,0.37
4254,0.64
4263,0.52
4264,0.49
4268,0.3
4270,0.48
4274,0.42
4282,0.51
4283,0.35
4291,0.51
4304,0.55
4306,0.57
4309,0.3
4310,0.51
4313,0.64
4314,0.48
4315,0.22
4321,0.46
4324,0.2
4325,0.43
4328,0.37
4329,0.26
4332,0.4
4337,0.41
4342,0.42
4344,0.5
4352,0.67
4355,0.44
4361,0.26
4366,0.36
4371,0.51
4372,0.55
4376,0.45
4381,0.24
4384,0.39
4387,0.45
4389,0.46
4390,0.42
4405,0.71
4406,0.29
4407,0.77
4409,0.77
4410,0.61
4413,0.29
4424,0.34
4428,0.39
4434,0.3
4452,0.59
4458,0.37
4460,0.48
4461,0.42
4470,0.59
4480,0.43
4496,0.76
4503,0.49
4507,0.41
4512,0.36
4518,0.65
4519,0.49
4522,0.41
4525,0.32
4537,0.33
4546,0.4
4547,0.61
4553,0.47
4556,0.49
4558,0.35
4563,0.14
4568,0.3
4574,0.27
4578,0.62
4587,0.36
4592,0.41
4594,0.27
4610,0.46
4615,0.73
4617,0.36
4619,0.37
4620,0.3
4625,0.24
4626,0.31
4635,0.55
4636,0.67
4641,0.41
4647,0.41
4650,0.46
4653,0.23
4658,0.34
4660,0.12
4665,0.59
4668,0.75
4669,0.3
4670,0.21
4674,0.3
4675,0.48
4676,0.54
4679,0.34
4680,0.64
4686,0.55
4690,0.26
4699,0.59
4711,0.23
4713,0.69
4718,0.46
4721,0.5
4722,0.36
4724,0.44
4730,0.33
4731,0.41
4733,0.66
4735,0.35
4739,0.27
4743,0.33
4745,0.32
4746,0.4
4747,0.46
4748,0.41
4761,0.45
4762,0.87
4763,0.27
4769,0.37
4771,0.4
4774,0.62
4784,0.41
4794,0.38
4797,0.53
4801,0.44
4804,0.16
4820,0.15
4833,0.29
4834,0.28
4851,0.2
4859,0.28
4860,0.52
4863,0.44
4873,0.44
4881,0.37
4892,0.46
4897,0.48
4908,0.51
4911,0.42
4915,0.34
4922,0.44
4929,0.53
4936,0.2
4939,0.45
4948,0.25
4951,0.34
4956,0.28
4961,0.44
4964,0.32
4981,0.4
4991,0.38
4992,0.43
4997,0.42
5004,0.36
5010,0.52
5012,0.3
5015,0.15
5019,0.47
5020,0.52
5021,0.38
5030,0.24
5051,0.48
5052,0.48
5057,0.78
5058,0.33
5060,0.44
5061,0.49
5064,0.42
5068,0.17
5072,0.2
5078,0.5
5080,0.48
5081,0.53
5086,0.57
5088,0.45
5089,0.52
5090,0.32
5098,0.26
5103,0.55
5108,0.38
5114,0.34
5115,0.4
5124,0.54
5129,0.43
5137,0.38
5139,0.26
5142,0.28
5144,0.31
5149,0.65
5157,0.45
5163,0.18
5174,0.37
5176,0.25
5179,0.45
5186,0.36
5195,0.37
5199,0.37
5203,0.29
5204,0.58
5206,0.31
5207,0.34
5220,0.41
5221,0.52
5224,0.4
5227,0.26
5229,0.24
5232,0.67
5240,0.55
5242,0.3
5243,0.48
5245,0.37
5248,0.82
5249,0.64
5254,0.25
5265,0.72
5269,0.23
5272,0.3
5276,0.5
5286,0.2
5288,0.39
5290,0.4
5308,0.3
5311,0.68
5316,0.24
5318,0.54
5319,0.38
5320,0.38
5322,0.29
5324,0.47
5331,0.5
5336,0.47
5344,0.39
5346,0.51
5354,0.31
5356,0.0
5358,0.43
5359,0.49
5361,0.38
5365,0.66
5370,0.45
5376,0.29
5383,0.31
5384,0.32
5385,0.4
5390,0.51
5393,0.55
5397,0.32
5398,0.54
5402,0.66
5407,0.37
5409,0.45
5424,0.61
5425,0.71
5428,0.43
5430,0.22
5439,0.65
5442,0.46
5447,0.6
5470,0.65
5473,0.41
5474,0.32
5477,0.41
5485,0.27
5488,0.31
5491,0.33
5493,0.27
5502,0.45
5504,0.47
5506,0.63
5514,0.14
5517,0.42
5522,0.46
5524,0.58
5527,0.55
5528,0.47
5536,0.47
5545,0.5
5576,0.39
5577,0.32
5582,0.46
5583,0.37
5592,0.52
5594,0.37
5595,0.25
5596,0.49
5599,0.53
5606,0.74
5617,0.54
5619,0.31
5625,0.39
5626,0.46
5627,0.49
5632,0.83
5637,0.61
5639,0.53
5642,0.47
5654,0.27
5659,0.84
5664,0.97
5666,0.36
5670,0.58
5671,0.46
5674,0.34
5677,0.34
5681,0.35
5683,0.05
5700,0.92
5710,0.62
5713,0.54
5715,0.6
5718,0.45
5720,0.4
5726,0.35
5738,0.48
5741,0.34
5743,0.49
5753,0.74
5761,0.38
5776,0.56
5780,0.36
5785,0.68
5789,0.32
5797,0.37
5798,0.63
5803,0.54
5810,0.63
5813,0.56
5817,0.48
5818,0.28
5822,0.54
5829,0.35
5845,0.41
5846,0.49
5847,0.3
5854,0.26
5858,0.4
5863,0.36
5867,0.14
5869,0.33
5870,0.41
5872,0.74
5876,0.42
5881,0.29
5886,0.7
5891,0.34
5898,0.71
5901,0.27
5914,0.69
5922,0.34
5928,0.65
5933,0.24
5934,0.47
5946,0.44
5951,0.53
5955,0.46
5956,0.72
5965,0.46
5968,0.58
5972,0.51
5978,0.16
5981,0.23
5997,0.69
6005,0.38
6009,0.31
6010,0.44
6015,0.26
6025,0.19
6039,0.4
6047,0.53
6051,0.0
6056,0.36
6061,0.34
6064,0.27
6065,0.64
6070,0.42
6071,0.8
6079,0.42
6085,0.59
6086,0.22
6091,0.75
6097,0.4
6099,0.45
6104,0.53
6106,0.44
6108,0.45
6109,0.76
6124,0.47
6140,0.47
6142,0.76
6144,0.39
6150,0.25
6154,0.28
6155,0.47
6156,0.37
6158,0.35
6159,0.86
6160,0.43
6166,0.31
6169,0.54
6170,0.0
6173,0.47
6175,0.6
6179,0.49
6184,0.45
6185,0.36
6186,0.67
6192,0.37
6204,0.21
6230,0.56
6231,0.38
6232,0.41
6235,0.32
6237,0.41
6239,0.48
6245,0.42
6263,0.59
6265,0.19
6270,0.45
6271,0.28
6278,0.42
6279,0.58
6287,0.34
6288,0.29
6294,0.49
6295,0.26
6302,0.52
6306,0.26
6322,0.39
6324,0.48
6327,0.34
6331,0.79
6334,0.37
6336,0.34
6338,0.41
6339,0.29
6362,0.4
6372,0.59
6374,0.3
6375,0.44
6390,0.63
6393,0.45
6394,0.74
6405,0.75
6406,0.31
6416,0.59
6421,0.79
6422,0.21
6440,0.81
6446,0.32
6457,0.62
6460,0.25
6463,0.55
6474,0.65
6476,0.46
6477,0.52
6482,0.58
6488,0.39
6489,0.31
6494,0.31
6495,0.49
6499,0.42
6505,0.45
6507,0.16
6511,0.48
6524,0.45
6527,0.33
6531,0.22
6536,0.57
6538,0.09
6541,0.46
6542,0.32
6550,0.25
6565,0.17
6568,0.46
6584,0.33
6588,0.46
6593,0.68
6597,0.42
6603,0.37
6609,0.56
6611,0.53
6613,0.57
6616,0.61
6622,0.44
6627,0.42
6630,0.49
6637,0.32
6639,0.62
6640,0.36
6646,0.56
6647,0.71
6648,0.78
6655,0.45
6659,0.45
6669,0.5
6680,0.39
6681,0.23
6684,0.01
6693,0.33
6694,0.7
6704,0.4
6706,0.59
6710,0.45
6713,0.41
6718,0.42
6732,0.39
6737,0.53
6739,0.36
6742,0.49
6746,0.38
6753,0.31
6771,0.53
6784,0.41
6790,0.64
6795,0.85
6796,0.69
6805,0.41
6807,0.31
6808,0.35
6818,0.44
6823,0.47
6830,0.86
6831,0.18
6832,0.32
6836,0.48
6846,0.32
6850,0.47
6854,0.23
6868,0.73
6876,0.24
6877,0.58
6881,0.13
6882,0.31
6884,0.55
6886,0.37
6901,0.37
6903,0.4
6908,0.54
6910,0.54
6913,0.38
6914,0.65
6918,0.32
6930,0.49
6941,0.33
6944,0.51
6945,0.44
6947,0.58
6949,0.57
6952,0.3
6963,0.4
6964,0.57
6966,0.32
6972,0.35
6979,0.57
6981,0.2
6988,0.73
6990,0.44
6998,0.5
7004,0.41
7005,0.3
7011,0.62
7016,0.3
7020,0.68
7027,0.63
7042,0.36
7056,0.47
7061,0.42
7069,0.21
7071,0.45
7082,0.36
7088,0.47
7095,0.67
7098,0.39
7099,0.47
7108,0.26
7121,0.39
7125,0.72
7136,0.29
7149,0.29
7150,0.3
7151,0.22
7156,0.42
7167,0.45
7177,0.92
7178,0.23
7183,0.44
7186,0.52
7190,0.36
7192,0.37
7198,0.38
7201,0.29
7202,0.55
7205,0.5
7207,0.53
7213,0.59
7224,0.52
7225,0.54
7227,0.44
7233,0.42
7236,0.68
7237,0.3
7239,0.41
7246,0.44
7248,0.34
7261,0.68
7264,0.58
7266,0.3
7274,0.15
7278,0.48
7279,0.45
7293,0.4
7297,0.3
7312,0.52
7313,0.64
7315,0.34
7322,0.26
7323,0.76
7326,0.57
7334,0.51
7341,0.39
7359,0.5
7361,0.43
7363,0.6
7365,0.32
7371,0.47
7377,0.32
7383,0.34
7390,0.67
7393,0.57
7398,0.48
7405,0.55
7410,0.46
7415,0.79
7434,0.46
7435,0.71
7438,0.54
7447,0.5
7449,0.63
7450,0.37
7452,0.21
7453,0.44
7455,0.46
7456,0.65
7457,0.4
7460,0.33
7466,0.59
7470,0.58
7474,0.33
7482,0.51
7487,0.28
7488,0.35
7492,0.46
7496,0.34
7500,0.32
7501,0.27
7505,0.41
7509,0.47
7510,0.52
7512,0.39
7514,0.29
7519,0.45
7526,0.51
7531,0.3
7533,0.39
7536,0.41
7538,0.52
7539,0.47
7541,0.64
7544,0.72
7554,0.43
7556,0.23
7563,0.5
7564,0.35
7566,0.42
7567,0.46
7580,0.46
7581,0.53
7584,0.32
7587,0.34
7589,0.53
7590,0.49
7594,0.33
7597,0.58
7599,0.41
7602,0.64
7603,0.39
7605,0.55
7609,0.47
7613,0.5
7619,0.52
7625,0.43
7626,0.58
7636,0.57
7638,0.41
7639,0.74
7641,0.39
7643,0.51
7644,0.44
7657,0.33
7661,0.33
7666,0.5
7673,0.61
7683,0.4
7685,0.36
7697,0.24
7699,0.45
7704,0.35
7705,0.46
7708,0.55
7728,0.39
7733,0.36
7741,0.6
7743,0.43
7745,0.4
7751,0.46
7752,0.56
7754,0.53
7756,0.28
7757,0.7
7770,0.52
7773,0.8
7774,0.4
7776,0.83
7777,0.15
7778,0.39
7781,0.52
7784,0.39
7789,0.4
7794,0.43
7799,0.49
7801,0.56
7818,0.29
7823,0.34
7828,0.43
7832,0.41
7839,0.5
7851,0.37
7856,0.39
7868,0.5
7869,0.52
7872,0.19
7873,0.32
7874,0.48
7878,0.27
7881,0.35
7888,0.63
7902,0.41
7913,0.16
7922,0.55
7923,0.37
7925,0.22
7926,0.4
7935,0.4
7938,0.47
7942,0.4
7945,0.43
7950,0.57
7954,0.49
7959,0.6
7963,0.19
7969,0.27
7970,0.62
7973,0.39
7977,0.39
7981,0.46
7990,0.45
8013,0.38
8020,0.53
8023,0.48
8025,0.55
8034,0.79
8039,0.5
8046,0.4
8051,0.46
8055,0.36
8060,0.58
8063,0.32
8064,0.52
8073,0.75
8074,0.4
8076,0.56
8077,0.37
8080,0.33
8082,0.19
8088,0.43
8102,0.42
8103,0.63
8104,0.52
8105,0.35
8109,0.54
8115,0.56
8121,0.53
8126,0.51
8127,0.6
8135,0.52
8152,0.41
8153,0.47
8156,0.32
8160,0.47
8161,0.49
8162,0.43
8171,0.61
8181,0.49
8183,0.45
8185,0.35
8191,0.72
8192,0.32
8200,0.31
8203,0.3
8204,0.75
8207,0.39
8208,0.46
8209,0.5
8210,0.39
8215,0.31
8217,0.58
8225,0.56
8226,0.43
8231,0.32
8233,0.2
8244,0.69
8249,0.3
8250,0.29
8258,0.48
8261,0.55
8265,0.39
8269,0.57
8278,0.35
8279,0.43
8280,0.49
8296,0.52
8299,0.35
8300,0.61
8301,0.25
8305,0.6
8327,0.65
8334,0.68
8338,0.73
8340,0.73
8349,0.43
8355,0.37
8361,0.41
8362,0.27
8364,0.42
8365,0.42
8375,0.45
8378,0.5
8379,0.73
8380,0.37
8381,0.43
8387,0.48
8399,0.64
8402,0.73
8409,0.58
8427,0.22
8429,0.46
8433,0.6
8436,0.44
8442,0.54
8445,0.26
8448,0.29
8451,0.56
8462,0.27
8464,0.7
8469,0.17
8474,0.51
8478,0.42
8482,0.39
8488,0.46
8490,0.43
8495,0.49
8498,0.35
8506,0.58
8510,0.67
8511,0.27
8527,0.4
8532,0.19
8533,0.37
8538,0.3
8541,0.56
8545,0.55
8553,0.39
8554,0.55
8555,0.23
8559,0.41
8569,0.3
8586,0.51
8593,0.52
8600,0.65
8606,0.53
8607,0.22
8609,0.49
8611,0.4
8613,0.27
8618,0.83
8624,0.45
8630,0.42
8634,0.62
8637,0.26
8650,0.28
8652,0.29
8655,0.42
8661,0.29
8669,0.38
8673,0.47
8674,0.37
8678,0.74
8682,0.31
8688,0.48
8689,0.47
8695,0.39
8698,0.3
8703,0.54
8709,0.45
8716,0.47
8723,0.33
8737,0.36
8743,0.77
8745,0.4
8747,0.38
8752,0.38
8753,0.35
8771,0.64
8773,0.59
8774,0.55
8778,0.59
8786,0.43
8794,0.66
8795,0.63
8796,0.45
8800,0.47
8801,0.1
8804,0.43
8808,0.6
8809,0.45
8812,0.39
8817,0.37
8818,0.56
8825,0.29
8830,0.46
8831,0.83
8833,0.58
8834,0.32
8836,0.49
8837,0.36
8844,0.47
8849,0.66
8851,0.37
8861,0.63
8864,0.6
8865,0.51
8867,0.34
8869,0.2
8873,0.65
8875,0.28
8880,0.51
8884,0.53
8888,0.36
8889,0.63
8891,0.75
8893,0.55
8897,0.57
8903,0.8
8905,0.44
8910,0.8
8918,0.47
8939,0.35
8940,0.33
8941,0.38
8942,0.52
8944,0.49
8949,0.52
8950,0.24
8958,0.41
8967,0.5
8973,0.36
8975,0.31
8979,0.21
8980,0.24
8991,0.43
8995,0.37
8996,0.24
8998,0.61
9000,0.39
9001,0.71
9002,0.58
9006,0.54
9013,0.54
9024,0.43
9026,0.35
9027,0.29
9034,0.54
9037,0.45
9038,0.44
9044,0.53
9050,0.37
9052,0.56
9054,0.54
9073,0.54
9078,0.75
9088,0.49
9097,0.45
9109,0.22
9112,0.6
9115,0.4
9120,0.73
9125,0.3
9128,0.72
9132,0.3
9136,0.37
9139,0.28
9140,0.26
9142,0.47
9143,0.45
9147,0.64
9154,0.27
9158,0.48
9159,0.14
9165,0.68
9172,0.47
9176,0.79
9177,0.19
9178,0.32
9179,0.47
9185,0.4
9189,0.48
9196,0.84
9199,0.33
9201,0.49
9202,0.51
9209,0.56
9210,0.5
9212,0.42
9214,0.43
9240,0.93
9241,0.43
9244,0.41
9246,0.48
9249,0.4
9250,0.36
9252,0.53
9255,0.45
9258,0.35
9263,0.2
9266,0.2
9269,0.25
9272,0.23
9276,0.6
9284,0.58
9290,0.43
9299,0.3
9303,0.38
9310,0.32
9311,0.38
9314,0.41
9315,0.41
9325,0.37
9328,0.45
9329,0.64
9332,0.71
9337,0.52
9353,0.43
9354,0.34
9355,0.41
9356,0.61
9362,0.51
9364,0.75
9366,0.75
9377,0.5
9382,0.52
9387,0.52
9388,0.58
9396,0.74
9400,0.39
9406,0.51
9407,0.45
9411,0.39
9416,0.44
9417,0.61
9423,0.39
9424,0.63
9425,0.66
9426,0.64
9427,0.46
9429,0.44
9430,0.4
9434,0.4
9442,0.52
9448,0.35
9458,0.39
9476,0.44
9481,0.42
9483,0.5
9484,0.37
9486,0.51
9487,0.74
9488,0.55
9490,0.5
9502,0.64
9505,0.19
9509,0.71
9515,0.39
9516,0.49
9531,0.43
9532,0.54
9536,0.28
9539,0.37
9542,0.79
9549,0.42
9550,0.36
9551,0.56
9553,0.58
9554,0.45
9561,0.48
9564,0.55
9566,0.39
9571,0.33
9577,0.37
9584,0.62
9592,0.5
9596,0.33
9602,0.25
9603,0.17
9604,0.67
9608,0.47
9609,0.58
9613,0.44
9623,0.42
9630,0.39
9633,0.44
9647,0.36
9648,0.26
9655,0.51
9657,0.41
9665,0.39
9666,0.55
9668,0.29
9670,0.38
9677,0.84
9678,0.36
9679,0.4
9693,0.53
9718,0.47
9720,0.76
9744,0.41
9745,0.43
9746,0.86
9753,0.1
9758,0.62
9759,0.28
9763,0.4
9766,0.5
9767,0.24
9777,0.47
9781,0.46
9783,0.48
9789,0.36
9790,0.65
9799,0.33
9802,0.33
9803,0.57
9805,0.62
9807,0.41
9812,0.48
9818,0.44
9819,0.54
9820,0.73
9822,0.66
9824,0.68
9834,0.57
9836,0.25
9846,0.53
9847,0.37
9856,0.54
9864,0.74
9867,0.71
9869,0.45
9875,0.54
9880,0.37
9885,0.55
9889,0.4
9894,0.35
9901,0.21
9909,0.67
9914,0.02
9915,0.53
9919,0.19
9920,0.44
9933,0.4
9940,0.45
9946,0.52
9948,0.5
9956,0.37
9958,0.38
9959,0.33
9962,0.3
9967,0.57
9973,0.47
9976,0.47
9978,0.58
9982,0.46
9987,0.5
9988,0.46
9989,0.49
9991,0.6
9992,0.41
9994,0.34
10000,0.0
10002,0.56
10005,0.45
10008,0.36
10009,0.49
10011,0.48
10021,0.38
10022,0.75
10053,0.46
10058,0.66
10066,0.43
10074,0.48
10076,0.42
10090,0.52
10092,0.33
10098,0.57
10099,0.52
10102,0.58
10103,0.36
10104,0.7
10106,0.51
10108,0.56
10113,0.82
10117,0.59
10119,0.27
10122,0.42
10125,0.4
10140,0.66
10147,0.52
10155,0.34
10159,0.26
10164,0.63
10175,0.41
10176,0.67
10178,0.54
10186,0.39
10200,0.28
10204,0.69
10206,0.45
10211,0.32
10212,0.44
10217,0.52
10218,0.38
10220,0.64
10230,0.78
10233,0.65
10234,0.4
10235,0.38
10239,0.32
10240,0.31
10242,0.44
10243,0.34
10245,0.16
10246,0.81
10247,0.52
10250,0.38
10254,0.89
10257,0.48
10260,0.34
10261,0.57
10265,0.46
10273,0.33
10274,0.39
10276,0.65
10277,0.43
10289,0.37
10290,0.24
10298,0.38
10301,0.48
10304,0.46
10305,0.44
10311,0.52
10313,0.26
10320,0.27
10323,0.43
10326,0.59
10328,0.57
10332,0.14
10336,0.65
10343,0.28
10348,0.87
10350,0.54
10351,0.38
10354,0.22
10365,0.37
10372,0.46
10373,0.41
10377,0.53
10380,0.54
10383,0.51
10396,0.76
10397,0.7
10399,0.59
10400,0.72
10401,0.35
10402,0.28
10403,0.71
10410,0.64
10412,0.43
10415,0.32
10424,0.23
10428,0.37
10432,0.28
10443,0.32
10462,0.34
10472,0.41
10477,0.46
10479,0.5
10482,0.56
10484,0.53
10490,0.58
10493,0.43
10495,0.58
10497,0.38
10516,0.45
10521,0.36
10522,0.56
10523,0.48
10528,0.33
10530,0.5
10532,0.42
10533,0.35
10535,0.39
10543,0.46
10547,0.39
10552,0.5
10558,0.34
10564,0.54
10566,0.51
10571,0.37
10572,0.4
10574,0.39
10583,0.54
10600,0.37
10607,0.35
10608,0.44
10614,0.3
10630,0.31
10634,0.46
10635,0.25
10641,0.5
10643,0.39
10644,0.48
10647,0.41
10648,0.52
10661,0.53
10669,0.51
10675,0.47
10686,0.63
10704,0.56
10707,0.24
10709,0.86
10710,0.4
10722,0.43
10736,0.63
10738,0.19
10764,0.38
10767,0.49
10776,0.43
10779,0.45
10780,0.51
10781,0.62
10792,0.26
10797,0.43
10798,0.32
10801,0.35
10802,0.35
10805,0.57
10808,0.33
10810,0.17
10816,0.61
10817,0.43
10818,0.4
10829,0.7
10843,0.68
10858,0.85
10866,0.39
10874,0.38
10876,0.39
10887,0.31
10890,0.09
10891,0.45
10896,0.46
10900,0.64
10905,0.65
10907,0.33
10914,0.22
10917,0.13
10936,0.38
10947,0.21
10948,0.73
10951,0.33
10955,0.38
10969,0.4
10984,0.46
10987,0.41
10990,0.41
10992,0.54
10996,0.35
10997,0.51
10999,0.39
11000,0.68
11001,0.25
11010,0.62
11016,0.44
11018,0.65
11024,0.38
11034,0.73
11039,0.4
11041,0.45
11047,0.41
11048,0.56
11053,0.49
11055,0.38
11056,0.49
11063,0.4
11065,0.36
11068,0.56
11070,0.39
11071,0.25
11072,0.58
11077,0.26
11079,0.72
11086,0.61
11091,0.39
11093,0.51
11094,0.44
11112,0.59
11113,0.65
11128,0.47
11135,0.23
11153,0.34
11154,0.03
11160,0.5
11163,0.43
11179,0.45
11181,0.68
11206,0.41
11207,0.38
11216,0.3
11221,0.42
11223,0.43
11228,0.48
11235,0.49
11237,0.45
11239,0.6
11244,0.27
11256,0.76
11267,0.35
11272,0.42
11281,0.42
11285,0.47
11288,0.44
11291,0.48
11293,0.47
11296,0.29
11297,0.51
11298,0.58
11299,0.56
11301,0.31
11304,0.45
11309,0.42
11313,0.58
11329,0.2
11331,0.47
11332,0.56
11337,0.43
11343,0.69
11347,0.49
11348,0.58
11355,0.71
11368,0.44
11369,0.29
11371,0.48
11378,0.38
11380,0.63
11384,0.43
11387,0.36
11392,0.32
11393,0.3
11399,0.52
11403,0.54
11404,0.0
11412,0.52
11423,0.38
11429,0.38
11430,0.74
11431,0.49
11432,0.32
11444,0.37
11450,0.77
11451,0.49
11476,0.3
11485,0.59
11488,0.45
11493,0.42
11495,0.35
11505,0.4
11508,0.43
11518,0.63
11522,0.25
11524,0.45
11533,0.61
11549,0.5
11551,0.59
11560,0.29
11563,0.59
11565,0.68
11567,0.45
11569,0.47
11589,0.54
11591,0.41
11598,0.5
11603,0.51
11604,0.26
11611,0.41
11617,0.73
11626,0.37
11627,0.26
11636,0.34
11642,0.39
11643,0.26
11648,0.45
11651,0.3
11663,0.2
11666,0.7
11685,0.39
11686,0.32
11698,0.21
11699,0.47
11700,0.36
11708,0.47
11710,0.37
11711,0.32
11713,0.19
11718,0.4
11724,0.73
11734,0.35
11736,0.5
11742,0.38
11761,0.61
11767,0.6
11768,0.4
11775,0.56
11779,0.65
11786,0.52
11790,0.49
11791,0.16
11796,0.0
11806,0.44
11808,0.49
11810,0.5
11811,0.22
11814,0.38
11816,0.37
11820,0.32
11822,0.56
11829,0.58
11832,0.5
11834,0.8
11836,0.39
11837,0.6
11844,0.62
11847,0.49
11862,0.65
11864,0.37
11865,0.49
11872,0.44
11873,0.32
11886,0.7
11894,0.56
11900,0.42
11901,0.48
11905,0.3
11906,0.43
11907,0.38
11912,0.44
11914,0.44
11915,0.26
11918,0.3
11924,0.33
11929,0.68
11930,0.34
11936,0.36
11937,0.44
11948,0.39
11954,0.72
11957,0.47
11964,0.25
11968,0.14
11972,0.53
11974,0.48
11976,0.29
11979,0.23
11981,0.37
11983,0.42
11989,0.17
11991,0.23
11998,0.27
12003,0.47
12007,0.51
12011,0.67
12014,0.37
12024,0.35
12033,0.23
12034,0.65
12041,0.35
12046,0.82
12051,0.37
12056,0.53
12064,0.29
12069,0.23
12070,0.35
12071,0.39
12072,0.41
12078,0.41
12091,0.55
12092,0.63
12094,0.53
12098,0.38
12103,0.42
12115,0.81
12118,0.8
12122,0.37
12125,0.72
12133,0.59
12135,0.31
12137,0.66
12141,0.59
12143,0.64
12144,0.78
12150,0.67
12154,0.54
12163,0.36
12164,0.3
12169,0.52
12170,0.38
12177,0.43
12193,0.35
12196,0.27
12197,0.63
12202,0.63
12206,0.52
12209,0.48
12214,0.61
12215,0.32
12218,0.71
12219,0.23
12221,0.61
12228,0.31
12233,0.41
12238,0.24
12242,0.39
12245,0.47
12247,0.5
12251,0.39
12287,0.57
12292,0.53
12303,0.42
12304,0.53
12311,0.36
12317,0.54
12318,0.23
12320,0.54
12323,0.86
12328,0.5
12333,0.58
12334,0.53
12335,0.56
12346,0.91
12352,0.83
12358,0.33
12364,0.53
12366,0.45
12376,0.46
12389,0.51
12396,0.46
12401,0.28
12402,0.81
12405,0.24
12406,0.54
12408,0.46
12410,0.34
12413,0.76
12417,0.39
12424,0.45
12425,0.2
12426,0.35
12430,0.23
12432,0.9
12433,0.24
12451,0.26
12457,0.42
12463,0.41
12465,0.77
12468,0.52
12474,0.64
12475,0.26
12476,0.69
12486,0.64
12487,0.57
12504,0.25
12514,0.3
12524,0.83
12526,0.35
12530,0.49
12532,0.38
12587,0.52
12593,0.33
12599,0.45
12600,0.42
12603,0.34
12604,0.62
12620,0.63
12624,0.69
12630,0.4
12638,0.34
12641,0.86
12643,0.83
12646,0.32
12656,0.25
12659,0.54
12666,0.34
12672,0.92
12673,0.92
12675,0.6
12678,0.48
12692,0.0
12693,0.6
12695,0.52
12700,0.48
12707,0.45
12711,0.59
12716,0.77
12717,0.77
12723,0.44
12735,0.58
12738,0.45
12742,0.41
12746,0.43
12753,0.78
12758,0.36
12760,0.46
12763,0.56
12764,0.41
12768,0.44
12772,0.62
12776,0.3
12777,0.45
12783,0.76
12801,0.46
12803,0.49
12804,0.41
12805,0.38
12817,0.39
12824,0.28
12839,0.33
12847,0.66
12850,0.75
12867,0.61
12875,0.49
12883,0.35
12885,0.2
12887,0.27
12890,0.28
12903,0.37
12906,0.27
12907,0.2
12909,0.64
12912,0.52
12914,0.53
12915,0.36
12930,0.4
12931,0.41
12934,0.3
12951,0.37
12955,0.51
12971,0.34
12972,0.2
12973,0.74
12986,0.49
12987,0.43
12988,0.67
12999,0.31
13015,0.34
13026,0.66
13036,0.38
13039,0.59
13040,0.24
13041,0.61
13043,0.93
13053,0.72
13057,0.54
13064,0.5
13066,0.35
13068,0.92
13069,0.34
13073,0.4
13079,0.82
13086,0.44
13089,0.48
13093,0.63
13097,0.47
13098,0.48
13105,0.25
13107,0.71
13108,0.51
13110,0.39
13112,0.65
13114,0.38
13118,0.43
13127,0.38
13129,0.45
13134,0.72
13142,0.65
13146,0.48
13149,0.58
13152,0.43
13157,0.52
13158,0.5
13159,0.55
13161,0.39
13162,0.39
13166,0.4
13168,0.34
13170,0.67
13186,0.39
13191,0.38
13194,0.41
13200,0.44
13203,0.35
13209,0.4
13212,0.4
13213,0.17
13218,0.53
13222,0.62
13229,0.44
13234,0.6
13257,0.77
13258,0.57
13268,0.49
13270,0.36
13291,0.42
13292,0.29
13299,0.52
13303,0.26
13306,0.38
13307,0.58
13309,0.33
13311,0.48
13312,0.65
13322,0.43
13323,0.51
13324,0.63
13330,0.45
13338,0.23
13344,0.32
13348,0.28
13355,0.27
13356,0.44
13359,0.48
13365,0.45
13368,0.48
13370,0.54
13371,0.33
13372,0.44
13377,0.52
13385,0.53
13389,0.37
13392,0.34
13393,0.48
13395,0.68
13399,0.36
13404,0.42
13410,0.47
13411,0.45
13413,0.34
13416,0.43
13434,0.45
13435,0.37
13445,0.3
13446,0.35
13451,0.68
13462,0.4
13464,0.47
13466,0.29
13471,0.33
13472,0.77
13477,0.79
13481,0.52
13484,0.55
13490,0.25
13492,0.48
13500,0.58
13508,0.27
13516,0.59
13525,0.39
13526,0.54
13530,0.66
13532,0.2
13538,0.37
13546,0.5
13548,0.78
13550,0.69
13551,0.58
13564,0.52
13566,0.54
13570,0.54
13580,0.56
13582,0.43
13585,0.38
13588,0.28
13592,0.51
13594,0.35
13609,0.38
13610,0.54
13612,0.52
13613,0.35
13625,0.31
13626,0.82
13629,0.82
13639,0.89
13645,0.6
13647,0.52
13648,0.33
13652,0.66
13654,0.84
13664,0.72
13673,0.39
13680,0.54
13684,0.47
13690,0.24
13693,0.35
13696,0.66
13700,0.55
13701,0.41
13703,0.48
13707,0.53
13711,0.39
13713,0.36
13714,0.35
13716,0.46
13720,0.4
13725,0.44
13727,0.6
13733,0.27
13738,0.3
13743,0.67
13756,0.46
13757,0.4
13759,0.54
13761,0.78
13767,0.51
13782,0.32
13786,0.33
13787,0.5
13792,0.61
13795,0.45
13798,0.95
13807,0.05
13809,0.51
13811,0.38
13815,0.35
13817,0.37
13818,0.41
13822,0.46
13824,0.27
13829,0.71
13832,0.66
13840,0.58
13841,0.61
13851,0.43
13868,0.49
13871,0.61
13878,0.64
13880,0.4
13888,0.41
13890,0.38
13891,0.31
13895,0.3
13907,0.31
13910,0.43
13912,0.51
13913,0.3
13920,0.51
13923,0.43
13927,0.22
13929,0.45
13935,0.49
13936,0.32
13939,0.29
13946,0.5
13950,0.75
13951,0.49
13954,0.5
13956,0.61
13958,0.43
13969,0.43
13980,0.26
13981,0.8
13986,0.49
13987,0.5
13989,0.47
13992,0.56
13994,0.74
14001,0.73
14002,0.44
14004,0.48
14005,0.25
14006,0.65
14012,0.54
14015,0.54
14021,0.43
14024,0.47
14045,0.43
14047,0.51
14057,0.31
14059,0.3
14060,0.39
14066,0.55
14068,0.23
14070,0.3
14074,0.31
14076,0.43
14089,0.46
14101,0.52
14113,0.49
14115,0.42
14116,0.42
14120,0.49
14128,0.35
14131,0.36
14134,0.62
14136,0.49
14137,0.52
14138,0.48
14139,0.69
14152,0.53
14153,0.6
14155,0.3
14156,0.58
14159,0.57
14164,0.54
14165,0.63
14171,0.21
14174,0.4
14175,0.27
14181,0.77
14186,0.55
14189,0.49
14191,0.41
14192,0.18
14201,0.62
14206,0.31
14210,0.88
14214,0.39
14221,0.4
14222,0.61
14230,0.79
14231,0.46
14236,0.61
14241,0.66
14245,0.49
14249,0.56
14251,0.46
14262,0.35
14263,0.37
14265,0.3
14267,0.37
14270,0.8
14276,0.42
14279,0.15
14281,0.28
14285,0.39
14289,0.4
14290,0.52
14293,0.37
14295,0.43
14296,0.47
14297,0.47
14298,0.8
14310,0.25
14312,0.89
14313,0.54
14315,0.7
14318,0.28
14319,0.39
14322,0.64
14325,0.64
14331,0.32
14334,0.31
14341,0.37
14343,0.76
14344,0.55
14345,0.46
14346,0.64
14347,0.54
14349,0.47
14352,0.47
14358,0.52
14361,0.81
14363,0.64
14364,0.51
14366,0.4
14374,0.45
14376,0.64
14381,0.3
14387,0.46
14398,0.57
14410,0.36
14412,0.78
14415,0.77
14422,0.68
14423,0.38
14425,0.46
14436,0.45
14442,0.66
14444,0.37
14455,0.58
14465,0.55
14469,0.85
14471,0.58
14475,0.54
14479,0.31
14480,0.4
14488,0.46
14491,0.37
14499,0.69
14501,0.35
14516,0.49
14520,0.38
14522,0.69
14523,0.38
14526,0.26
14537,0.61
14538,0.62
14550,0.22
14560,0.3
14561,0.49
14562,0.49
14575,0.55
14586,0.54
14592,0.76
14601,0.44
14602,0.61
14604,0.53
14606,0.58
14613,0.81
14627,0.38
14641,0.49
14652,0.49
14662,0.46
14665,0.4
14673,0.3
14675,0.41
14679,0.41
14683,0.32
14686,0.43
14695,0.55
14705,0.72
14708,0.33
14709,0.52
14710,0.47
14715,0.34
14717,0.43
14723,0.52
14725,0.37
14727,0.51
14728,0.34
14733,0.6
14735,0.4
14743,0.31
14746,0.63
14752,0.55
14757,0.33
14759,0.44
14762,0.42
14763,0.26
14774,0.25
14777,0.83
14778,0.28
14789,0.18
14797,0.37
14798,0.51
14811,0.46
14812,0.21
14818,0.61
14825,0.58
14827,0.4
14829,0.33
14830,0.54
14837,0.49
14839,0.61
14849,0.69
14863,0.53
14869,0.36
14882,0.51
14884,0.54
14886,0.36
14888,0.7
14890,0.41
14904,0.47
14938,0.73
14952,0.3
14958,0.49
14960,0.39
14963,0.38
14972,0.52
14979,0.52
14980,0.26
14986,0.39
14988,0.63
15003,0.48
15006,0.41
15009,0.68
15015,0.27
15024,0.51
15026,0.33
15030,0.26
15036,0.13
15038,0.28
15039,0.55
15047,0.54
15049,0.57
15056,0.79
15060,0.42
15068,0.26
15070,0.43
15073,0.26
15081,0.61
15084,0.38
15088,0.41
15092,0.63
15095,0.37
15097,0.42
15098,0.43
15115,0.5
15120,0.68
15126,0.16
15133,0.45
15143,0.48
15156,0.5
15163,0.54
15164,0.55
15178,0.31
15198,0.48
15200,0.4
15204,0.46
15206,0.42
15208,0.0
15214,0.48
15218,0.31
15231,0.52
15238,0.39
15239,0.25
15240,0.51
15249,0.15
15256,0.55
15260,0.71
15290,0.4
15296,0.59
15298,0.54
15299,0.72
15307,0.48
15308,0.48
15309,0.39
15321,0.42
15323,0.41
15325,0.41
15335,0.32
15342,0.62
15346,0.42
15349,0.42
15354,0.43
15362,0.56
15372,0.75
15379,0.38
15383,0.5
15394,0.41
15399,0.27
15401,0.33
15405,0.64
15407,0.35
15412,0.52
15413,0.47
15415,0.51
15417,0.63
15427,0.45
15430,0.65
15436,0.43
15438,0.28
15439,0.26
15443,0.79
15444,0.61
15445,0.53
15446,0.27
15450,0.35
15456,0.48
15465,0.59
15466,0.41
15468,0.32
15470,0.33
15474,0.45
15476,0.54
15482,0.5
15492,0.68
15498,0.27
15510,0.36
15519,0.66
15523,0.29
15535,0.23
15548,0.67
15561,0.46
15563,0.4
15564,0.56
15566,0.46
15579,0.41
15580,0.5
15581,0.27
15587,0.49
15589,0.51
15591,0.29
15597,0.46
15615,0.75
15620,0.59
15627,0.42
15633,0.66
15636,0.47
15653,0.37
15654,0.54
15662,0.39
15664,0.71
15666,0.72
15667,0.45
15674,0.66
15692,0.32
15700,0.54
15715,0.32
15722,0.55
15736,0.3
15744,0.39
15746,0.36
15758,0.41
15760,0.52
15762,0.29
15766,0.67
15767,0.42
15770,0.31
15788,0.41
15789,0.44
15810,0.66
15818,0.43
15819,0.28
15820,0.31
15830,0.34
15844,0.34
15850,0.2
15857,0.42
15863,0.68
15868,0.46
15869,0.48
15872,0.35
15873,0.22
15876,0.45
15878,0.32
15883,0.38
15884,0.3
15885,0.3
15886,0.27
15891,0.43
15894,0.29
15898,0.36
15900,0.23
15912,0.33
15931,0.64
15932,0.3
15937,0.66
15940,0.49
15944,0.43
15945,0.32
15949,0.38
15960,0.4
15963,0.29
15970,0.38
15977,0.82
15982,0.33
15985,0.53
15995,0.25
16004,0.4
16005,0.68
16006,0.41
16011,0.34
16019,0.59
16021,0.58
16034,0.47
16051,0.35
16060,0.64
16065,0.65
16066,0.46
16070,0.52
16076,0.62
16091,0.33
16094,0.68
16101,0.35
16104,0.71
16113,0.78
16114,0.25
16115,0.56
16127,0.57
16128,0.34
16137,0.28
16138,0.41
16139,0.86
16142,0.44
16144,0.36
16148,0.73
16151,0.51
16154,0.46
16156,0.35
16165,0.37
16166,0.27
16168,0.37
16179,0.47
16193,0.57
16196,0.25
16198,0.42
16210,0.47
16228,0.55
16232,0.55
16237,0.6
16240,0.48
16252,0.64
16259,0.44
16262,0.64
16263,0.37
16270,0.47
16272,0.24
16276,0.45
16290,0.43
16295,0.68
16297,0.74
16299,0.28
16300,0.5
16302,0.48
16303,0.54
16305,0.53
16309,0.39
16312,0.34
16316,0.35
16320,0.75
16326,0.47
16327,0.57
16338,0.45
16342,0.26
16346,0.48
16348,0.31
16355,0.37
16356,0.46
16378,0.5
16382,0.41
16391,0.46
16392,0.42
16395,0.75
16399,0.36
16403,0.46
16408,0.37
16413,0.55
16415,0.53
16417,0.36
16420,0.3
16431,0.22
16439,0.5
16441,0.43
16444,0.41
16446,0.06
16451,0.39
16454,0.22
16456,0.28
16458,0.59
16461,0.55
16462,0.22
16469,0.3
16479,0.67
16484,0.5
16486,0.46
16487,0.33
16491,0.42
16494,0.51
16507,0.82
16508,0.54
16519,0.43
16523,0.31
16526,0.3
16530,0.52
16532,0.34
16535,0.49
16542,0.55
16550,0.38
16555,0.32
16556,0.32
16558,0.72
16567,0.49
16576,0.37
16579,0.48
16580,0.44
16595,0.56
16598,0.3
16600,0.43
16604,0.67
16605,0.79
16607,0.49
16610,0.54
16612,0.48
16617,0.5
16625,0.45
16632,0.67
16634,0.46
16650,0.55
16652,0.33
16654,0.36
16655,0.42
16656,0.28
16657,0.39
16660,0.46
16661,0.69
16662,0.59
16667,0.9
16669,0.56
16673,0.39
16675,0.45
16676,0.35
16678,0.45
16679,0.68
16693,0.34
16701,0.54
16709,0.47
16715,0.27
16722,0.55
16724,0.24
16727,0.55
16735,0.58
16741,0.31
16747,0.35
16752,0.19
16758,0.53
16765,0.42
16771,0.28
16785,0.38
16793,0.7
16800,0.44
16805,0.42
16809,0.29
16818,0.55
16820,0.43
16827,0.52
16830,0.39
16843,0.89
16847,0.42
16855,0.66
16860,0.33
16862,0.55
16863,0.3
16869,0.62
16872,0.38
16874,0.2
16876,0.47
16883,0.25
16893,0.34
16895,0.81
16914,0.86
16917,0.5
16926,0.53
16930,0.32
16931,0.39
16932,0.54
16934,0.6
16937,0.37
16941,0.45
16942,0.77
16957,0.36
16962,0.45
16963,0.07
16967,0.4
16968,0.51
16972,0.32
16974,0.17
16984,0.29
16987,0.37
16994,0.55
16995,0.52
16999,0.27
17000,0.3
17004,0.5
17006,0.73
17034,0.44
17038,0.47
17040,0.35
17050,0.28
17055,0.43
17059,0.56
17066,0.37
17068,0.43
17077,0.51
17079,0.52
17082,0.39
17085,0.46
17087,0.44
17099,0.66
17105,0.47
17108,0.39
17110,0.56
17111,0.23
17116,0.68
17123,0.5
17124,0.45
17130,0.54
17132,0.41
17138,0.44
17143,0.73
17157,0.57
17160,0.37
17166,0.45
17167,0.63
17170,0.29
17179,0.68
17180,0.39
17184,0.11
17189,0.43
17197,0.68
17212,0.19
17219,0.57
17223,0.45
17225,0.41
17229,0.49
17234,0.35
17235,0.37
17239,0.59
17242,0.36
17243,0.45
17246,0.5
17247,0.18
17255,0.62
17258,0.47
17260,0.58
17264,0.31
17270,0.48
17271,0.53
17272,0.47
17285,0.43
17294,0.38
17297,0.3
17298,0.4
17299,0.32
17302,0.54
17306,0.45
17313,0.4
17315,0.53
17324,0.3
17326,0.29
17327,0.39
17330,0.44
17339,0.36
17345,0.34
17350,0.53
17351,0.45
17352,0.21
17371,0.64
17372,0.63
17381,0.5
17385,0.24
17388,0.41
17390,0.37
17392,0.32
17399,0.29
17404,0.31
17407,0.33
17408,0.73
17416,0.34
17418,0.19
17423,0.27
17434,0.69
17438,0.28
17443,0.69
17444,0.21
17447,0.26
17453,0.7
17454,0.33
17460,0.46
17467,0.37
17480,0.28
17488,0.67
17490,0.41
17493,0.38
17498,0.36
17503,0.3
17513,0.47
17517,0.34
17520,0.54
17525,0.53
17533,0.65
17534,0.15
17545,0.51
17553,0.51
17554,0.49
17557,0.28
17563,0.44
17564,0.44
17566,0.42
17576,0.55
17577,0.25
17580,0.5
17582,0.35
17596,0.45
17597,0.41
17602,0.72
17614,0.32
17623,0.45
17624,0.46
17627,0.62
17628,0.4
17630,0.44
17634,0.69
17639,0.39
17640,0.52
17652,0.72
17657,0.56
17661,0.56
17662,0.35
17666,0.44
17678,0.37
17680,0.46
17682,0.59
17687,0.64
17688,0.58
17693,0.47
17696,0.5
17703,0.3
17705,0.35
17711,0.51
17715,0.27
17717,0.4
17721,0.42
17727,0.46
17728,0.13
17737,0.27
17745,0.22
17755,0.4
17764,0.49
17768,0.36
17774,0.45
17777,0.42
17785,0.2
17786,0.29
17789,0.22
17793,0.39
17799,0.28
17802,0.32
17810,0.42
17813,0.52
17819,0.48
17825,0.37
17828,0.37
17833,0.53
17841,0.38
17842,0.57
17844,0.44
17849,0.27
17850,0.66
17855,0.7
17857,0.41
17861,0.36
17862,0.6
17863,0.35
17868,0.4
17876,0.53
17882,0.32
17885,0.22
17893,0.38
17894,0.15
17902,0.49
17903,0.35
17906,0.34
17907,0.44
17911,0.76
17917,0.36
17921,0.48
17932,0.41
17941,0.46
17945,0.47
17949,0.32
17954,0.35
17957,0.33
17958,0.67
17960,0.37
17967,0.64
17975,0.42
17985,0.43
18000,0.58
18002,0.52
18008,0.1
18014,0.63
18015,0.81
18019,0.4
18021,0.34
18022,0.52
18026,0.4
18029,0.32
18030,0.43
18034,0.6
18035,0.4
18036,0.59
18039,0.43
18053,0.34
18066,0.47
18075,0.37
18076,0.46
18079,0.48
18089,0.35
18104,0.67
18110,0.34
18119,0.36
18123,0.52
18124,0.41
18129,0.51
18131,0.41
18133,0.52
18136,0.28
18148,0.36
18152,0.03
18167,0.54
18177,0.36
18178,0.55
18183,0.64
18194,0.54
18197,0.58
18199,0.24
18213,0.2
18214,0.37
18221,0.14
18227,0.19
18235,0.57
18239,0.85
18245,0.61
18248,0.35
18265,0.6
18266,0.48
18267,0.63
18274,0.19
18279,0.56
18283,0.7
18291,0.49
18297,0.25
18302,0.63
18303,0.5
18315,0.31
18324,0.28
18326,0.5
18334,0.21
18336,0.35
18344,0.51
18346,0.52
18347,0.45
18350,0.21
18352,0.2
18353,0.54
18364,0.3
18366,0.41
18373,0.51
18389,0.5
18391,0.53
18393,0.33
18395,0.26
18400,0.44
18405,0.38
18408,0.26
18421,0.29
18425,0.48
18443,0.32
18444,0.37
18451,0.4
18456,0.19
18458,0.53
18460,0.33
18461,0.34
18467,0.75
18468,0.47
18475,0.62
18481,0.49
18485,0.19
18494,0.59
18495,0.62
18508,0.44
18519,0.29
18522,0.39
18530,0.5
18533,0.24
18537,0.37
18542,0.79
18547,0.35
18548,0.37
18553,0.39
18560,0.57
18561,0.36
18565,0.6
18572,0.21
18585,0.42
18593,0.54
18597,0.3
18600,0.36
18601,0.47
18620,0.55
18621,0.26
18625,0.57
18629,0.46
18637,0.14
18649,0.31
18653,0.48
18660,0.21
18671,0.33
18672,0.21
18677,0.5
18681,0.73
18684,0.84
18685,0.37
18686,0.61
18687,0.51
18689,0.35
18690,0.33
18709,0.34
18716,0.76
18723,0.33
18733,0.51
18747,0.48
18759,0.66
18773,0.3
18782,0.71
18797,0.86
18810,0.24
18817,0.38
18820,0.61
18823,0.69
18825,0.41
18836,0.03
18837,0.48
18850,0.41
18857,0.39
18861,0.7
18867,0.53
18870,0.14
18877,0.6
18887,0.41
18888,0.41
18898,0.47
18900,0.32
18914,0.34
18921,0.51
18922,0.34
18926,0.34
18937,0.41
18945,0.49
18947,0.47
18949,0.17
18953,0.17
18954,0.36
18957,0.43
18960,0.49
18965,0.31
18973,0.32
18983,0.43
18990,0.39
18991,0.31
18993,0.31
18995,0.34
18996,0.34
18998,0.32
19003,0.26
19010,0.85
19014,0.6
19015,0.36
19019,0.43
19028,0.46
19036,0.62
19038,0.39
19040,0.59
19046,0.26
19051,0.47
19054,0.83
19056,0.35
19070,0.28
19074,0.27
19078,0.58
19079,0.43
19083,0.48
19085,0.46
19088,0.21
19099,0.77
19124,0.46
19127,0.29
19134,0.54
19141,0.19
19146,0.32
19150,0.26
19159,0.84
19165,0.38
19169,0.5
19170,0.14
19176,0.43
19187,0.53
19189,0.42
19192,0.41
19202,0.63
19208,0.43
19209,0.21
19210,0.55
19216,0.47
19217,0.41
19218,0.35
19223,0.47
19224,0.38
19225,0.13
19228,0.4
19240,0.37
19246,0.3
19266,0.27
19269,0.54
19274,0.35
19275,0.52
19287,0.42
19298,0.31
19303,0.49
19306,0.72
19313,0.3
19325,0.35
19326,0.23
19328,0.57
19330,0.35
19339,0.41
19340,0.44
19342,0.45
19343,0.31
19344,0.36
19348,0.66
19350,0.31
19357,0.4
19361,0.59
19363,0.29
19364,0.46
19371,0.32
19376,0.56
19377,0.56
19381,0.34
19384,0.47
19390,0.52
19402,0.34
19405,0.37
19409,0.43
19418,0.35
19429,0.78
19433,0.46
19446,0.21
19458,0.47
19460,0.33
19462,0.5
19465,0.55
19471,0.36
19472,0.61
19478,0.35
19480,0.33
19487,0.34
19495,0.38
19497,0.75
19500,0.52
19503,0.69
19507,0.44
19517,0.51
19533,0.42
19537,0.43
19541,0.36
19561,0.46
19563,0.32
19566,0.55
19568,0.88
19576,0.31
19577,0.48
19578,0.3
19591,0.33
19597,0.57
19619,0.45
19622,0.54
19623,0.62
19624,0.5
19627,0.38
19629,0.73
19633,0.41
19639,0.33
19641,0.38
19643,0.46
19646,0.48
19649,0.34
19652,0.58
19657,0.39
19659,0.65
19660,0.49
19668,0.63
19678,0.59
19686,0.56
19690,0.33
19694,0.37
19695,0.32
19701,0.43
19702,0.41
19712,0.83
19720,0.74
19730,0.47
19731,0.54
19735,0.44
19739,0.45
19740,0.55
19743,0.41
19750,0.46
19752,0.45
19754,0.27
19762,0.65
19770,0.37
19775,0.63
19777,0.42
19782,0.27
19783,0.63
19786,0.59
19805,0.5
19808,0.59
19810,0.67
19819,0.5
19821,0.81
19827,0.43
19830,0.52
19832,0.46
19833,0.32
19834,0.2
19843,0.49
19844,0.24
19846,0.28
19847,0.42
19849,0.42
19850,0.77
19851,0.33
19861,0.51
19864,0.7
19866,0.48
19873,0.75
19878,0.32
19886,0.24
19892,0.25
19893,0.59
19901,0.15
19902,0.72
19920,0.25
19921,0.38
19922,0.42
19929,0.88
19932,0.81
19935,0.39
19936,0.42
19940,0.43
19946,0.41
19950,0.76
19952,0.64
19955,0.56
19970,0.64
19976,0.32
19983,0.26
19984,0.42
19987,0.32
19991,0.51
19994,0.65
19996,0.37
20007,0.57
20015,0.27
20019,0.25
20021,0.81
20023,0.45
20025,0.74
20034,0.36
20036,0.62
20038,0.3
20039,0.5
20040,0.23
20045,0.82
20046,0.55
20048,0.51
20060,0.73
20062,0.61
20065,0.48
20068,0.22
20074,0.62
20087,0.45
20097,0.43
20111,0.43
20117,0.23
20125,0.5
20129,0.44
20134,0.53
20135,0.12
20139,0.28
20142,0.59
20147,0.41
20154,0.46
20157,0.34
20158,0.34
20162,0.53
20169,0.05
20179,0.29
20202,0.68
20207,0.56
20215,0.42
20216,0.95
20217,0.59
20218,0.48
20219,0.52
20226,0.24
20236,0.28
20239,0.4
20246,0.3
20247,0.41
20253,0.5
20255,0.22
20268,0.34
20270,0.79
20271,0.49
20279,0.53
20280,0.27
20282,0.62
20283,0.53
20295,0.25
20302,0.32
20305,0.39
20306,0.57
20308,0.28
20309,0.25
20311,0.35
20324,0.3
20330,0.44
20335,0.49
20344,0.49
20349,0.8
20356,0.31
20358,0.77
20360,0.24
20362,0.49
20378,0.27
20391,0.5
20394,0.21
20397,0.7
20403,0.46
20405,0.68
20415,0.31
20417,0.4
20420,0.24
20425,0.47
20430,0.67
20435,0.47
20443,0.33
20446,0.45
20458,0.43
20459,0.42
20462,0.33
20467,0.46
20470,0.78
20482,0.7
20489,0.38
20495,0.3
20496,0.42
20497,0.54
20505,0.83
20509,0.5
20520,0.37
20522,0.18
20535,0.54
20539,0.6
20544,0.43
20547,0.44
20554,0.19
20556,0.16
20557,0.52
20566,0.45
20568,0.74
20575,0.37
20577,0.48
20593,0.79
20596,0.36
20597,0.5
20602,0.54
20603,0.27
20609,0.55
20612,0.43
20618,0.21
20621,0.37
20628,0.18
20634,0.76
20637,0.43
20641,0.34
20642,0.65
20647,0.47
20655,0.57
20656,0.25
20661,0.28
20664,0.58
20674,0.65
20679,0.51
20680,0.31
20683,0.77
20687,0.59
20688,0.51
20693,0.35
20695,0.39
20696,0.32
20699,0.22
20701,0.26
20702,0.56
20704,0.26
20721,0.31
20725,0.3
20731,0.32
20737,0.31
20741,0.43
20742,0.21
20753,0.56
20756,0.34
20769,0.38
20771,0.39
20774,0.27
20777,0.52
20781,0.47
20792,0.26
20797,0.39
20808,0.22
20810,0.31
20813,0.29
20820,0.2
20823,0.65
20826,0.57
20829,0.42
20832,0.43
20833,0.42
20837,0.25
20838,0.36
20839,0.41
20840,0.29
20847,0.38
20856,0.71
20861,0.35
20863,0.48
20869,0.62
20875,0.23
20877,0.58
20889,0.33
20894,0.5
20901,0.59
20919,0.6
20923,0.22
20935,0.38
20937,0.29
20939,0.53
20940,0.51
20943,0.29
20946,0.5
20949,0.51
20950,0.43
20958,0.75
20961,0.69
20965,0.46
20967,0.92
20969,0.64
20970,0.49
20974,0.51
20975,0.33
20987,0.27
20995,0.47
20996,0.42
20998,0.5
21002,0.51
21012,0.37
21013,0.64
21014,0.31
21015,0.25
21017,0.3
21020,0.27
21028,0.26
21031,0.43
21036,0.44
21039,0.32
21040,0.35
21048,0.35
21049,0.21
21051,0.22
21054,0.53
21061,0.82
21070,0.28
21072,0.45
21079,0.43
21088,0.43
21090,0.21
21091,0.29
21093,0.43
21104,0.26
21114,0.35
21117,0.38
21120,0.14
21121,0.41
21132,0.16
21136,0.52
21139,0.53
21140,0.53
21146,0.43
21150,0.24
21164,0.46
21177,0.74
21178,0.88
21180,0.69
21198,0.43
21203,0.44
21210,0.38
21217,0.24
21218,0.44
21220,0.24
21222,0.11
21228,0.84
21236,0.44
21239,0.11
21247,0.38
21260,0.41
21265,0.31
21267,0.47
21271,0.27
21279,0.44
21286,0.34
21288,0.48
21294,0.5
21298,0.45
21299,0.45
21300,0.33
21304,0.32
21306,0.17
21307,0.31
21309,0.3
21311,0.5
21326,0.34
21331,0.35
21332,0.81
21342,0.45
21345,0.44
21348,0.65
21353,0.29
21357,0.6
21358,0.5
21369,0.44
21370,0.69
21371,0.41
21373,0.12
21385,0.49
21392,0.6
21401,0.36
21403,0.48
21406,0.8
21413,0.88
21414,0.88
21416,0.96
21423,0.57
21427,0.51
21442,0.34
21443,0.28
21448,0.52
21452,0.21
21459,0.31
21463,0.46
21467,0.34
21474,0.38
21484,0.7
21488,0.55
21495,0.23
21498,0.33
21502,0.62
21503,0.37
21510,0.3
21513,0.4
21516,0.77
21533,0.58
21535,0.47
21539,0.35
21541,0.29
21544,0.34
21554,0.47
21562,0.55
21569,0.37
21572,0.46
21578,0.35
21579,0.2
21580,0.5
21584,0.43
21589,0.79
21594,0.34
21595,0.37
21598,0.22
21599,0.3
21606,0.3
21623,0.33
21630,0.43
21639,0.42
21641,0.29
21645,0.1
21647,0.29
21648,0.17
21657,0.39
21671,0.33
21673,0.53
21677,0.41
21678,0.34
21688,0.16
21696,0.33
21699,0.2
21700,0.36
21703,0.5
21710,0.51
21721,0.24
21727,0.41
21728,0.41
21731,0.5
21741,0.24
21743,0.28
21744,0.43
21748,0.26
21750,0.4
21753,0.24
21756,0.57
21763,0.43
21767,0.42
21768,0.2
21772,0.4
21774,0.47
21775,0.31
21780,0.29
21786,0.11
21787,0.41
21805,0.26
21828,0.45
21831,0.38
21837,0.34
21842,0.56
21846,0.49
21849,0.21
21856,0.58
21858,0.62
21862,0.38
21864,0.37
21867,0.3
21879,0.38
21881,0.27
21883,0.4
21885,0.23
21891,0.31
21892,0.37
21902,0.28
21909,0.31
21910,0.5
21914,0.47
21918,0.19
21919,0.21
21922,0.43
21926,0.33
21930,0.29
21931,0.27
21934,0.32
21940,0.26
21945,0.32
21948,0.45
21953,0.23
21954,0.57
21956,0.3
21963,0.48
21970,0.32
21971,0.44
21981,0.4
21984,0.47
21990,0.39
21997,0.42
21999,0.49
22001,0.28
22002,0.37
22010,0.33
22013,0.39
22022,0.38
22024,0.37
22028,0.14
22029,0.44
22042,0.26
22045,0.16
22049,0.37
22050,0.25
22059,0.25
22064,0.27
22067,0.35
22069,0.27
22074,0.27
22082,0.23
22084,0.49
22090,0.87
22096,0.74
22100,0.41
22105,0.37
22106,0.32
22119,0.4
22126,0.37
22130,0.44
22152,0.39
22155,0.29
22160,0.89
22164,0.13
22170,0.34
22173,0.39
22177,0.32
22186,0.43
22193,0.4
22194,0.23
22195,0.33
22198,0.29
22199,0.28
22206,0.25
22208,0.42
22209,0.14
22210,0.74
22217,0.29
22220,0.33
22222,0.42
22232,0.26
22244,0.34
22245,0.36
22250,0.5
22256,0.48
22261,0.62
22264,0.4
22270,0.34
22279,0.55
22280,0.46
22284,0.28
22288,0.23
22293,0.33
22297,0.78
22302,0.31
22307,0.4
22310,0.14
22316,0.35
22319,0.43
22324,0.1
22326,0.22
22327,0.34
22329,0.31
22331,0.38
22340,0.39
22342,0.26
22347,0.31
22351,0.3
22357,0.45
22358,0.19
22361,0.33
22362,0.63
22365,0.56
22371,0.41
22373,0.62
22391,0.56
22404,0.43
22409,0.48
22411,0.39
22424,0.31
22428,0.56
22436,0.36
22444,0.53
22445,0.21
22451,0.33
22452,0.39
22456,0.22
22463,0.58
22464,0.25
22467,0.73
22472,0.37
22485,0.56
22488,0.33
22491,0.43
22497,0.3
22504,0.92
22505,0.27
22508,0.48
22516,0.33
22522,0.45
22527,0.52
22543,0.69
22549,0.19
22550,0.49
22551,0.55
22557,0.38
22562,0.2
22565,0.35
22567,0.27
22572,0.42
22575,0.49
22578,0.42
22579,0.47
22580,0.44
22581,0.24
22591,0.19
22593,0.19
22597,0.19
22600,0.58
22602,0.42
22603,0.17
22616,0.59
22617,0.31
22622,0.23
22623,0.47
22624,0.34
22628,0.28
22634,0.27
22640,0.18
22641,0.33
22653,0.46
22660,0.37
22672,0.48
22674,0.41
22689,0.43
22694,0.5
22698,0.43
22705,0.25
22709,0.71
22711,0.53
22714,0.47
22715,0.25
22729,0.33
22730,0.33
22733,0.32
22748,0.41
22750,0.4
22754,0.32
22756,0.35
22758,0.47
22767,0.44
22768,0.25
22769,0.41
22776,0.36
22778,0.37
22780,0.47
22782,0.24
22789,0.32
22797,0.4
22799,0.4
22804,0.27
22814,0.44
22818,0.49
22821,0.47
22823,0.51
22831,0.22
22841,0.33
22847,0.47
22848,0.55
22860,0.32
22862,0.26
22869,0.37
22875,0.63
22877,0.48
22887,0.42
22892,0.44
22899,0.33
22900,0.61
22901,0.31
22907,0.55
22909,0.21
22916,0.67
22919,0.36
22922,0.39
22926,0.39
22927,0.48
22928,0.44
22930,0.42
22931,0.27
22934,0.39
22937,0.5
22939,0.14
22949,0.37
22951,0.77
22955,0.32
22956,0.16
22965,0.51
22966,0.59
22968,0.7
22972,0.17
22975,0.54
22978,0.42
22981,0.55
22988,0.77
22994,0.3
22996,0.63
22997,0.58
23003,0.4
23011,0.49
23016,0.49
23028,0.68
23029,0.4
23031,0.33
23035,0.26
23038,0.78
23042,0.57
23049,0.63
23051,0.18
23053,0.12
23057,0.6
23058,0.67
23063,0.41
23064,0.46
23067,0.49
23071,0.23
23075,0.48
23077,0.18
23082,0.53
23090,0.41
23091,0.56
23094,0.73
23097,0.49
23103,0.36
23107,0.27
23117,0.53
23120,0.75
23122,0.31
23124,0.31
23126,0.67
23129,0.38
23136,0.81
23141,0.28
23142,0.08
23147,0.53
23154,0.6
23159,0.56
23162,0.36
23165,0.48
23171,0.8
23173,0.07
23175,0.22
23179,0.64
23182,0.57
23185,0.61
23188,0.34
23189,0.26
23191,0.61
23209,0.52
23214,0.52
23215,0.36
23221,0.34
23228,0.51
23233,0.51
23241,0.51
23252,0.32
23255,0.4
23257,0.39
23263,0.31
23267,0.64
23281,0.66
23282,0.55
23289,0.63
23292,0.54
23295,0.43
23296,0.34
23297,0.44
23301,0.35
23302,0.71
23304,0.35
23309,0.19
23312,0.79
23316,0.59
23321,0.54
23334,0.53
23342,0.3
23344,0.48
23350,0.45
23351,0.47
23367,0.45
23368,0.35
23374,0.22
23378,0.27
23385,0.51
23387,0.46
23388,0.33
23389,0.37
23399,0.46
23403,0.43
23406,0.53
23408,0.56
23414,0.33
23415,0.43
23419,0.46
23436,0.55
23439,0.48
23444,0.46
23445,0.47
23448,0.29
23450,0.32
23455,0.61
23469,0.25
23472,0.18
23477,0.35
23478,0.62
23479,0.38
23481,0.71
23487,0.47
23490,0.39
23491,0.49
23492,0.39
23494,0.44
23496,0.37
23497,0.36
23506,0.32
23515,0.44
23528,0.31
23532,0.49
23548,0.59
23549,0.17
23551,0.34
23552,0.23
23555,0.45
23556,0.44
23559,0.43
23564,0.72
23583,0.39
23592,0.66
23597,0.82
23601,0.07
23605,0.65
23615,0.41
23616,0.34
23619,0.57
23621,0.78
23622,0.36
23626,0.72
23635,0.76
23637,0.36
23640,0.26
23644,0.32
23646,0.51
23655,0.41
23672,0.3
23673,0.37
23682,0.4
23683,0.41
23699,0.43
23702,0.25
23704,0.47
23706,0.49
23707,0.47
23713,0.22
23714,0.35
23716,0.74
23718,0.74
23721,0.31
23727,0.48
23735,0.39
23737,0.42
23744,0.32
23749,0.84
23755,0.53
23769,0.88
23772,0.81
23773,0.12
23774,0.96
23779,0.29
23780,0.85
23782,0.7
23793,0.63
23795,0.44
23797,0.82
23803,0.88
23815,0.79
23828,0.84
23830,0.84
23831,0.46
23833,0.73
23834,0.31
23844,0.35
23845,0.93
23852,0.4
23855,0.84
23857,0.46
23867,0.22
23872,0.45
23874,0.61
23880,0.23
23883,0.89
23886,0.38
23898,0.39
23900,0.45
23903,0.2
23904,0.04
23907,0.32
23908,0.55
23912,0.3
23916,0.38
23917,0.65
23918,0.42
23922,0.31
23928,0.35
23940,0.45
23944,0.35
23945,0.71
23947,0.41
23951,0.31
23956,0.29
23962,0.52
23966,0.47
23970,0.31
23971,0.36
23976,0.82
23980,0.37
23987,0.57
23988,0.37
23993,0.5
23997,0.55
23998,0.38
23999,0.64
24010,0.64
24015,0.6
24023,0.23
24026,0.52
24027,0.66
24033,0.41
24046,0.8
24060,0.49
24062,0.53
24065,0.84
24067,0.56
24070,0.77
24071,0.28
24073,0.46
24079,0.41
24082,0.86
24084,0.48
24089,0.46
24094,0.56
24096,0.4
24100,0.33
24105,0.42
24106,0.27
24108,0.43
24111,0.61
24117,0.82
24120,0.44
24125,0.28
24134,0.8
24140,0.46
24151,0.39
24153,0.29
24154,0.72
24156,0.37
24161,0.33
24162,0.62
24165,0.14
24166,0.35
24170,0.32
24173,0.56
24176,0.37
24181,0.27
24182,0.61
24187,0.26
24188,0.42
24190,0.29
24201,0.8
24211,0.48
24215,0.83
24216,0.68
24219,0.39
24221,0.77
24222,0.55
24238,0.27
24240,0.76
24243,0.37
24245,0.29
24247,0.25
24251,0.29
24256,0.72
24258,0.48
24261,0.44
24263,0.32
24264,0.41
24266,0.31
24273,0.19
24278,0.38
24289,0.92
24292,0.34
24293,0.4
24298,0.86
24299,0.52
24303,0.69
24304,0.47
24305,0.4
24323,0.75
24329,0.45
24341,0.27
24345,0.76
24350,0.46
24353,0.37
24358,0.79
24361,0.32
24364,0.5
24367,0.4
24370,0.42
24377,0.39
24380,0.26
24381,0.53
24387,0.38
24390,0.73
24391,0.34
24408,0.42
24409,0.9
24413,0.49
24416,0.36
24427,0.55
24434,0.3
24439,0.07
24443,0.41
24448,0.37
24454,0.53
24455,0.41
24461,0.4
24463,0.47
24464,0.53
24468,0.48
24469,0.33
24499,0.59
24501,0.36
24508,0.58
24517,0.26
24519,0.43
24520,0.53
24538,0.76
24540,0.77
24550,0.36
24552,0.34
24561,0.33
24577,0.83
24579,0.72
24580,0.37
24582,0.66
24590,0.08
24591,0.31
24592,0.29
24599,0.3
24602,0.46
24606,0.37
24611,0.55
24612,0.32
24617,0.37
24619,0.37
24623,0.85
24630,0.18
24633,0.81
24634,0.48
24635,0.23
24638,0.21
24641,0.55
24643,0.36
24644,0.52
24645,0.81
24649,0.51
24650,0.4
24652,0.3
24655,0.46
24656,0.27
24661,0.45
24663,0.76
24667,0.27
24669,0.65
24670,0.53
24682,0.39
24695,0.8
24698,0.24
24699,0.47
24702,0.4
24703,0.81
24710,0.55
24717,0.28
24724,0.83
24728,0.4
24731,0.36
24737,0.34
24740,0.51
24743,0.41
24744,0.83
24755,0.83
24757,0.14
24761,0.32
24765,0.67
24766,0.6
24776,0.72
24787,0.79
24789,0.3
24791,0.21
24792,0.56
24804,0.0
24807,0.9
24812,0.39
24816,0.57
24817,0.42
24820,0.36
24828,0.62
24831,0.26
24832,0.53
24836,0.6
24842,0.63
24846,0.39
24847,0.3
24848,0.77
24851,0.99
24855,0.69
24856,0.58
24871,0.68
24873,0.41
24874,0.53
24877,0.41
24885,0.17
24889,0.37
24892,0.16
24897,0.5
24899,0.73
24908,0.49
24913,0.49
24918,0.6
24923,0.46
24933,0.4
24936,0.29
24948,0.12
24951,0.51
24969,0.29
24971,0.34
24973,0.94
24993,0.93
24996,0.34
24998,0.67
25000,0.88
25001,0.9
25002,0.3
25003,0.88
25009,0.54
25024,0.36
25026,0.53
25027,0.51
25030,0.5
25034,0.33
25037,0.67
25038,0.29
25043,0.65
25050,0.43
25055,0.53
25057,0.45
25067,0.24
25072,0.42
25075,0.54
25079,0.71
25081,0.26
25085,0.39
25086,0.29
25093,0.44
25097,0.39
25103,0.31
25104,0.6
25109,0.26
25112,0.25
25113,0.4
25114,0.43
25119,0.53
25121,0.51
25122,0.6
25124,0.73
25131,0.3
25134,0.37
25140,0.36
25141,0.32
25144,0.35
25147,0.85
25148,0.7
25149,0.43
25155,0.78
25169,0.54
25177,0.64
25178,0.54
25179,0.31
25180,0.46
25191,0.69
25199,0.43
25232,0.44
25241,0.41
25242,0.4
25243,0.43
25246,0.56
25259,0.55
25263,0.64
25265,0.78
25278,0.72
25280,0.38
25281,0.3
25284,0.38
25286,0.93
25288,0.58
25318,0.88
25330,0.72
25333,0.48
25337,0.31
25339,0.17
25340,0.69
25346,0.25
25349,0.47
25351,0.42
25353,0.38
25361,0.69
25364,0.32
25366,0.5
25368,0.69
25369,0.47
25370,0.86
25375,0.05
25376,0.87
25377,0.27
25379,0.37
25382,0.56
25386,0.94
25389,0.64
25399,0.61
25400,0.81
25401,0.43
25407,0.24
25409,0.31
25412,0.46
25416,0.38
25418,0.47
25423,0.3
25428,0.59
25436,0.33
25439,0.21
25442,0.26
25445,0.85
25446,0.46
25453,0.36
25456,0.53
25458,0.6
25460,0.28
25461,0.16
25468,0.59
25469,0.34
25470,0.25
25471,0.57
25475,0.37
25480,0.33
25482,0.3
25501,0.72
25504,0.81
25511,0.02
25515,0.49
25516,0.4
25518,0.52
25528,0.6
25531,0.61
25533,0.54
25543,0.39
25548,0.42
25553,0.67
25564,0.24
25571,0.59
25572,0.49
25576,0.15
25577,0.94
25587,0.38
25588,0.42
25591,0.76
25596,0.61
25598,0.36
25607,0.42
25611,0.3
25617,0.29
25618,0.47
25620,0.37
25621,0.3
25623,0.38
25626,0.42
25628,0.32
25633,0.66
25637,0.42
25644,0.29
25651,0.45
25662,0.33
25663,0.61
25673,0.25
25678,0.31
25685,0.26
25688,0.57
25691,0.39
25702,0.69
25706,0.42
25707,0.48
25710,0.76
25719,0.82
25723,0.61
25725,0.3
25731,0.38
25732,0.33
25735,0.76
25740,0.4
25759,0.21
25761,0.26
25769,0.34
25772,0.42
25774,0.37
25779,0.5
25781,0.56
25784,0.92
25790,0.45
25796,0.39
25803,0.42
25806,0.4
25816,0.35
25830,0.41
25847,0.55
25850,0.6
25852,0.56
25856,0.24
25861,0.37
25866,0.37
25867,0.78
25868,0.36
25869,0.85
25877,0.82
25878,0.38
25890,0.5
25898,0.88
25899,0.31
25906,0.77
25907,0.6
25913,0.43
25915,0.5
25928,0.28
25932,0.98
25934,0.91
25938,0.54
25939,0.27
25946,0.56
25951,0.88
25959,0.71
25961,0.38
25964,0.74
25969,0.31
25978,0.16
25980,0.33
25986,0.48
25992,0.38
25998,0.25
26000,0.31
26002,0.61
26006,0.44
26009,0.35
26016,0.83
26023,0.78
26038,0.76
26041,0.23
26043,0.48
26050,0.59
26051,0.81
26053,0.43
26057,0.62
26060,0.17
26062,0.39
26064,0.51
26067,0.76
26068,0.63
26072,0.59
26074,0.34
26075,0.37
26081,0.71
26108,0.65
26112,0.62
26113,0.4
26115,0.37
26122,0.46
26135,0.49
26136,0.63
26139,0.25
26147,0.51
26155,0.28
26162,0.48
26165,0.69
26173,0.31
26177,0.29
26179,0.36
26184,0.51
26190,0.47
26204,0.39
26205,0.05
26212,0.4
26215,0.38
26223,0.41
26227,0.47
26232,0.46
26237,0.7
26243,0.33
26246,0.19
26248,0.64
26249,0.48
26260,0.37
26263,0.54
26267,0.77
26269,0.52
26271,0.68
26273,0.38
26282,0.38
26286,0.46
26297,0.27
26306,0.53
26309,0.39
26313,0.42
26319,0.36
26329,0.5
26330,0.31
26333,0.41
26337,0.48
26341,0.61
26361,0.71
26365,0.34
26366,0.91
26367,0.54
26376,0.69
26378,0.64
26382,0.43
26386,0.38
26389,0.29
26391,0.63
26400,0.43
26401,0.65
26407,0.35
26415,0.39
26419,0.46
26421,0.72
26422,0.51
26423,0.59
26424,0.21
26441,0.62
26442,0.38
26444,0.34
26446,0.49
26447,0.35
26448,0.46
26451,0.55
26459,0.42
26465,0.28
26466,0.77
26474,0.57
26476,0.24
26481,0.4
26487,0.4
26501,0.57
26503,0.39
26513,0.57
26517,0.54
26527,0.31
26534,0.28
26535,0.78
26545,0.34
26550,0.63
26558,0.55
26571,0.74
26572,0.89
26573,0.73
26575,0.43
26578,0.23
26583,0.63
26584,0.45
26590,0.4
26593,0.59
26602,0.52
26606,0.62
26608,0.62
26613,0.57
26615,0.39
26616,0.39
26618,0.34
26619,0.57
26628,0.56
26630,0.46
26635,0.48
26645,0.33
26648,0.35
26651,0.53
26653,0.32
26660,0.46
26663,0.47
26664,0.49
26665,0.4
26667,0.29
26673,0.42
26675,0.44
26676,0.54
26677,0.26
26679,0.2
26687,0.63
26689,0.58
26697,0.5
26732,0.17
26737,0.46
26747,0.46
26748,0.5
26749,0.45
26754,0.3
26759,0.41
26760,0.66
26765,0.58
26769,0.38
26771,0.3
26776,0.55
26778,0.37
26780,0.55
26783,0.1
26785,0.55
26800,0.47
26804,0.47
26812,0.41
26816,0.15
26823,0.55
26830,0.38
26834,0.51
26836,0.36
26841,0.31
26845,0.43
26849,0.49
26854,0.38
26858,0.57
26860,0.26
26866,0.3
26871,0.22
26873,0.4
26891,0.42
26905,0.47
26907,0.68
26920,0.48
26924,0.36
26930,0.2
26941,0.39
26942,0.36
26944,0.47
26949,0.62
26952,0.66
26956,0.49
26973,0.27
26977,0.57
26989,0.53
26993,0.4
26997,0.6
26999,0.42
27013,0.32
27021,0.39
27023,0.46
27025,0.0
27027,0.46
27031,0.55
27032,0.78
27034,0.33
27036,0.39
27045,0.4
27050,0.55
27051,0.47
27055,0.36
27056,0.71
27057,0.45
27060,0.37
27061,0.56
27066,0.6
27070,0.4
27073,0.26
27077,0.34
27085,0.39
27086,0.45
27099,0.42
27105,0.7
27109,0.57
27125,0.57
27135,0.73
27139,0.27
27140,0.91
27141,0.59
27142,0.36
27144,0.52
27148,0.44
27154,0.39
27160,0.43
27162,0.62
27175,0.47
27176,0.39
27177,0.22
27178,0.46
27197,0.49
27201,0.5
27204,0.55
27205,0.41
27206,0.14
27207,0.3
27208,0.33
27216,0.29
27224,0.33
27230,0.43
27234,0.43
27238,0.31
27241,0.2
27249,0.68
27251,0.33
27252,0.44
27256,0.66
27257,0.44
27263,0.48
27268,0.68
27269,0.21
27271,0.22
27276,0.36
27279,0.66
27288,0.77
27295,0.26
27299,0.77
27302,0.52
27304,0.32
27316,0.4
27318,0.16
27330,0.41
27333,0.35
27335,0.72
27336,0.67
27339,0.27
27341,0.71
27342,0.51
27345,0.55
27347,0.41
27354,0.57
27361,0.17
27375,0.71
27387,0.8
27390,0.57
27392,0.88
27399,0.36
27403,0.43
27410,0.61
27412,0.29
27413,0.26
27423,0.44
27427,0.52
27429,0.32
27432,0.65
27436,0.5
27437,0.48
27441,0.49
27444,0.34
27445,0.22
27448,0.39
27454,0.37
27455,0.61
27459,0.46
27465,0.39
27468,0.25
27477,0.76
27478,0.52
27479,0.42
27481,0.68
27483,0.42
27486,0.3
27498,0.37
27505,0.53
27507,0.3
27509,0.37
27514,0.37
27517,0.49
27527,0.84
27535,0.48
27544,0.38
27545,0.41
27556,0.59
27563,0.24
27565,0.76
27569,0.59
27584,0.41
27585,0.27
27589,0.28
27592,0.54
27600,0.12
27605,0.26
27608,0.86
27609,0.32
27611,0.57
27621,0.33
27626,0.52
27628,0.35
27629,0.48
27645,0.62
27651,0.31
27654,0.48
27656,0.62
27663,0.69
27667,0.64
27673,0.27
27677,0.41
27678,0.34
27680,0.27
27681,0.65
27684,0.21
27688,0.34
27696,0.35
27705,0.8
27706,0.51
27707,0.6
27709,0.54
27720,0.46
27722,0.47
27724,0.39
27733,0.4
27734,0.33
27739,0.44
27746,0.77
27748,0.58
27751,0.71
27755,0.34
27757,0.73
27777,0.28
27783,0.34
27795,0.42
27805,0.43
27810,0.66
27811,0.65
27815,0.39
27820,0.27
27823,0.5
27825,0.47
27830,0.3
27853,0.27
27855,0.2
27856,0.43
27865,0.6
27868,0.5
27873,0.39
27883,0.21
27885,0.41
27887,0.48
27890,0.51
27899,0.69
27921,0.47
27924,0.51
27927,0.43
27929,0.28
27932,0.27
27943,0.67
27945,0.81
27952,0.39
27957,0.48
27960,0.43
27966,0.44
27968,0.74
27980,0.83
27984,0.53
27993,0.52
27994,0.52
27995,0.47
28002,0.37
28004,0.61
28006,0.59
28015,0.4
28028,0.51
28042,0.57
28043,0.72
28055,0.52
28061,0.59
28063,0.48
28077,0.66
28089,0.29
28090,0.74
28093,0.23
28095,0.39
28096,0.48
28098,0.83
28099,0.64
28110,0.33
28111,0.29
28115,0.31
28123,0.31
28125,0.33
28126,0.84
28129,0.81
28131,0.45
28139,0.5
28145,0.81
28146,0.52
28147,0.55
28153,0.4
28155,0.39
28160,0.4
28166,0.45
28167,0.56
28169,0.44
28176,0.31
28181,0.74
28184,0.37
28185,0.4
28187,0.68
28189,0.37
28193,0.39
28195,0.53
28203,0.38
28206,0.54
28209,0.48
28210,0.22
28211,0.46
28216,0.5
28223,0.26
28224,0.63
28231,0.51
28234,0.49
28235,0.62
28248,0.41
28250,0.23
28255,0.5
28266,0.51
28277,0.38
28286,0.43
28288,0.4
28289,0.29
28290,0.4
28296,0.28
28300,0.6
28306,0.4
28307,0.43
28309,0.45
28312,0.47
28323,0.44
28327,0.61
28336,0.45
28345,0.33
28355,0.46
28361,0.39
28362,0.44
28365,0.54
28371,0.32
28374,0.4
28377,0.52
28380,0.52
28381,0.57
28382,0.36
28385,0.38
28393,0.41
28394,0.51
28405,0.63
28413,0.21
28426,0.41
28428,0.61
28429,0.32
28431,0.53
28442,0.45
28445,0.23
28448,0.39
28449,0.24
28457,0.39
28459,0.48
28462,0.73
28465,0.37
28470,0.33
28478,0.55
28490,0.5
28492,0.29
28499,0.33
28500,0.68
28504,0.44
28506,0.42
28509,0.27
28513,0.42
28516,0.41
28519,0.65
28524,0.4
28526,0.45
28527,0.32
28528,0.33
28533,0.47
28547,0.44
28548,0.41
28551,0.52
28563,0.71
28564,0.58
28566,0.59
28568,0.16
28579,0.71
28580,0.6
28589,0.49
28590,0.58
28606,0.75
28610,0.44
28613,0.34
28615,0.34
28619,0.73
28629,0.35
28633,0.37
28635,0.53
28646,0.64
28648,0.42
28651,0.49
28660,0.36
28681,0.67
28683,0.71
28688,0.15
28693,0.38
28696,0.42
28703,0.53
28709,0.55
28712,0.32
28718,0.29
28719,0.38
28727,0.56
28730,0.66
28732,0.57
28740,0.27
28747,0.69
28752,0.41
28757,0.69
28764,0.53
28765,0.48
28770,0.21
28772,0.69
28775,0.35
28783,0.48
28786,0.44
28796,0.49
28799,0.5
28806,0.42
28807,0.42
28815,0.56
28818,0.47
28820,0.45
28823,0.44
28824,0.37
28831,0.74
28834,0.19
28841,0.45
28845,0.39
28848,0.67
28850,0.29
28871,0.23
28880,0.65
28882,0.26
28884,0.41
28904,0.48
28906,0.46
28907,0.45
28919,0.58
28920,0.38
28928,0.41
28935,0.04
28936,0.33
28945,0.32
28950,0.66
28957,0.57
28963,0.34
28974,0.47
28980,0.41
28988,0.43
28990,0.32
28999,0.38
29001,0.44
29004,0.07
29006,0.45
29012,0.27
29018,0.56
29027,0.32
29030,0.18
29032,0.52
29039,0.34
29043,0.64
29052,0.61
29056,0.57
29060,0.45
29064,0.7
29068,0.26
29069,0.35
29074,0.47
29076,0.42
29078,0.33
29081,0.52
29085,0.44
29088,0.41
29091,0.34
29092,0.45
29093,0.33
29094,0.44
29108,0.37
29110,0.51
29114,0.68
29115,0.34
29118,0.44
29125,0.37
29127,0.59
29130,0.67
29140,0.51
29150,0.34
29152,0.29
29153,0.43
29155,0.51
29161,0.63
29165,0.66
29167,0.74
29173,0.43
29174,0.41
29180,0.35
29185,0.43
29190,0.45
29192,0.72
29193,0.66
29194,0.42
29199,0.34
29220,0.62
29231,0.35
29234,0.53
29237,0.38
29240,0.43
29247,0.67
29256,0.36
29275,0.7
29278,0.58
29280,0.56
29286,0.45
29288,0.59
29305,0.58
29327,0.45
29329,0.37
29331,0.4
29333,0.46
29335,0.41
29342,0.52
29344,0.37
29352,0.36
29353,0.44
29358,0.44
29360,0.37
29362,0.41
29373,0.31
29389,0.56
29392,0.46
29393,0.68
29395,0.57
29401,0.37
29403,0.42
29405,0.59
29410,0.49
29420,0.48
29423,0.46
29427,0.61
29429,0.29
29432,0.41
29440,0.72
29447,0.64
29448,0.3
29452,0.68
29455,0.54
29461,0.41
29466,0.45
29474,0.5
29476,0.34
29479,0.67
29486,0.34
29494,0.42
29497,0.62
29505,0.49
29511,0.55
29516,0.63
29522,0.39
29523,0.48
29524,0.49
29529,0.44
29532,0.39
29533,0.32
29535,0.6
29548,0.49
29551,0.41
29562,0.53
29563,0.2
29574,0.63
29575,0.41
29592,0.48
29599,0.59
29601,0.64
29608,0.31
29613,0.62
29620,0.44
29630,0.36
29637,0.25
29638,0.38
29643,0.6
29648,0.37
29651,0.36
29657,0.25
29659,0.26
29662,0.45
29663,0.3
29665,0.38
29671,0.54
29699,0.42
29700,0.42
29706,0.55
29715,0.71
29716,0.4
29717,0.59
29721,0.52
29731,0.55
29732,0.73
29735,0.41
29738,0.71
29739,0.27
29742,0.74
29747,0.64
29749,0.28
29754,0.63
29765,0.29
29773,0.76
29777,0.32
29779,0.13
29783,0.37
29786,0.45
29805,0.77
29808,0.26
29811,0.37
29812,0.31
29815,0.24
29819,0.64
29827,0.31
29833,0.36
29847,0.55
29854,0.47
29856,0.32
29859,0.53
29864,0.3
29865,0.28
29867,0.3
29879,0.26
29884,0.27
29885,0.52
29894,0.42
29897,0.52
29900,0.71
29910,0.63
29926,0.49
29928,0.27
29930,0.23
29935,0.47
29942,0.34
29951,0.46
29953,0.66
29962,0.57
29968,0.48
29970,0.33
29974,0.5
29980,0.52
29982,0.38
29987,0.32
29993,0.42
30001,0.53
30005,0.51
30015,0.47
30030,0.41
30034,0.14
30041,0.38
30044,0.56
30058,0.36
30061,0.64
30062,0.71
30064,0.61
30065,0.42
30069,0.32
30074,0.38
30076,0.37
30080,0.42
30086,0.55
30087,0.46
30092,0.39
30093,0.16
30096,0.39
30097,0.5
30098,0.5
30102,0.53
30106,0.46
30108,0.66
30110,0.51
30111,0.35
30122,0.38
30128,0.46
30130,0.67
30131,0.21
30132,0.6
30135,0.46
30137,0.31
30149,0.44
30157,0.5
30158,0.64
30162,0.55
30170,0.48
30174,0.56
30185,0.44
30195,0.51
30196,0.5
30204,0.45
30207,0.53
30209,0.57
30212,0.47
30216,0.5
30221,0.41
30225,0.25
30229,0.61
30231,0.6
30232,0.54
30233,0.47
30237,0.52
30239,0.55
30242,0.55
30244,0.43
30249,0.65
30262,0.24
30265,0.46
30266,0.42
30281,0.49
30286,0.29
30292,0.45
30303,0.39
30320,0.52
30321,0.38
30322,0.59
30328,0.84
30355,0.48
30356,0.49
30372,0.45
30375,0.29
30376,0.4
30379,0.62
30384,0.53
30386,0.58
30387,0.42
30394,0.5
30395,0.33
30396,0.29
30397,0.42
30402,0.37
30405,0.56
30411,0.23
30413,0.28
30416,0.66
30420,0.58
30422,0.25
30432,0.29
30434,0.42
30438,0.22
30444,0.36
30446,0.79
30447,0.26
30455,0.24
30457,0.4
30459,0.58
30463,0.57
30468,0.55
30477,0.4
30478,0.38
30481,0.55
30482,0.36
30487,0.5
30491,0.49
30492,0.62
30496,0.81
30501,0.25
30506,0.41
30511,0.46
30513,0.49
30516,0.41
30520,0.36
30531,0.52
30542,0.42
30543,0.4
30555,0.31
30557,0.47
30568,0.26
30570,0.57
30581,0.39
30584,0.63
30591,0.39
30594,0.58
30614,0.32
30617,0.31
30618,0.42
30626,0.45
30630,0.54
30631,0.34
30632,0.38
30634,0.3
30636,0.43
30637,0.51
30639,0.42
30647,0.48
30649,0.4
30656,0.48
30660,0.35
30665,0.28
30669,0.43
30680,0.34
30681,0.33
30682,0.36
30683,0.38
30687,0.35
30688,0.41
30694,0.34
